  780 1524
 0.62013239E-01-0.17611224E-01 0.68566278E-01 0.34892749E-01 0.00000000E+00 0.60683381E-01 0.46372462E-01-0.18581513E-01
 0.34538712E-01 0.37102950E+00-0.14920529E-01 0.60017014E+00 0.38178012E+00-0.13762157E-01 0.62916040E+00 0.35698962E+00
 0.00000000E+00 0.62085044E+00 0.45056988E-01 0.19147975E-01 0.27099468E-01 0.63729219E-01 0.18900147E-01 0.59990793E-01
 0.11499959E+00 0.00000000E+00 0.19999991E+00 0.13245039E+00 0.00000000E+00 0.23033994E+00 0.13935968E+00 0.17178634E-01
 0.19999991E+00 0.34023032E+00 0.00000000E+00 0.59170973E+00 0.37051946E+00 0.15780179E-01 0.59000039E+00 0.35329989E+00
 0.15966050E-01 0.56019026E+00 0.54624999E+00 0.00000000E+00 0.95000046E+00 0.57449013E+00 0.12934592E-01 0.95000046E+00
 0.55747968E+00 0.13009825E-01 0.92190963E+00 0.40255001E+00-0.15025634E-01 0.65000004E+00 0.37375006E+00 0.00000000E+00
 0.65000004E+00 0.32278946E+00 0.00000000E+00 0.56136966E+00 0.35114026E+00-0.14793296E-01 0.56917953E+00 0.84856495E-01
 0.00000000E+00 0.14758003E+00 0.99928595E-01 0.00000000E+00 0.17378998E+00 0.99432945E-01 0.17678713E-01 0.12988029E+00
 0.12553003E+00 0.18088071E-01 0.16880023E+00 0.38703981E+00 0.15485885E-01 0.61990005E+00 0.53187048E+00 0.00000000E+00
 0.92499977E+00 0.55199981E+00 0.14080793E-01 0.90000015E+00 0.30533978E+00 0.00000000E+00 0.53102964E+00 0.28789008E+00
 0.00000000E+00 0.50067967E+00 0.31692016E+00-0.15449374E-01 0.50686979E+00 0.33417958E+00-0.15124101E-01 0.53822994E+00
 0.33578050E+00 0.16147494E-01 0.52994984E+00 0.53229976E+00 0.11148907E-01 0.90000015E+00 0.53951997E+00 0.14921635E-01
 0.86907047E+00 0.52339125E-01 0.00000000E+00 0.91024518E-01 0.81601553E-01 0.18563811E-01 0.92446208E-01 0.69785498E-01
 0.00000000E+00 0.12137008E+00 0.95237583E-01-0.17090123E-01 0.12781027E+00 0.14989012E+00 0.00000000E+00 0.26067999E+00
 0.16035973E+00-0.17138803E-01 0.23482960E+00 0.18478952E+00 0.00000000E+00 0.32137001E+00 0.16733983E+00 0.00000000E+00
 0.29102996E+00 0.19547044E+00-0.16520342E-01 0.29813951E+00 0.26549047E+00 0.12952293E-01 0.43999961E+00 0.28416049E+00
 0.16753787E-01 0.43999961E+00 0.27207008E+00 0.17787138E-01 0.40898025E+00 0.30782026E+00 0.21617396E-01 0.41100049E+00
 0.20223036E+00 0.00000000E+00 0.35171002E+00 0.21403977E+00 0.17318036E-01 0.32054022E+00 0.21253954E+00-0.16188430E-01
 0.32919979E+00 0.29913968E+00-0.15753627E-01 0.47486025E+00 0.78998260E-01-0.17332420E-01 0.98947249E-01 0.58663034E+00
 0.00000000E+00 0.10082996E+01 0.58186966E+00 0.82789790E-02 0.99999958E+00 0.57500017E+00 0.00000000E+00 0.99999958E+00
 0.12158029E+00-0.15949454E-01 0.17989050E+00 0.25918970E+00-0.14833125E-01 0.41770953E+00 0.28210044E+00-0.19514184E-01
 0.40340966E+00 0.28105050E+00-0.16285792E-01 0.43999961E+00 0.27045035E+00 0.00000000E+00 0.47033963E+00 0.30097955E+00
 0.16528087E-01 0.46963045E+00 0.17817010E+00-0.16840084E-01 0.26681039E+00 0.25299954E+00 0.00000000E+00 0.43999961E+00
 0.23633981E+00 0.00000000E+00 0.41103035E+00 0.11009947E+00-0.16738297E-01 0.15520957E+00 0.14219974E+00-0.17678713E-01
 0.19999991E+00 0.61361033E+00 0.13819689E-01 0.99999958E+00 0.17446375E-01 0.00000000E+00 0.30342244E-01 0.31825003E+00
 0.16331153E-01 0.49965960E+00 0.40042025E+00 0.14709212E-01 0.65000004E+00 0.21968006E+00 0.00000000E+00 0.38205007E+00
 0.24615996E+00-0.15544523E-01 0.39024052E+00 0.22953008E+00-0.15867583E-01 0.36000007E+00 0.26422036E+00-0.20015370E-01
 0.36858994E+00 0.56925035E+00 0.00000000E+00 0.99000019E+00 0.58138949E+00 0.12472128E-01 0.96691024E+00 0.55774963E+00
 0.00000000E+00 0.97000033E+00 0.60070008E+00 0.13069569E-01 0.99000019E+00 0.23155032E+00 0.17152080E-01 0.35067999E+00
 0.15995038E+00 0.17592417E-01 0.22979008E+00 0.24952996E+00 0.17149867E-01 0.37976983E+00 0.17876975E+00 0.17645523E-01
 0.25989997E+00 0.19649051E+00 0.17497268E-01 0.29021016E+00 0.14176051E+00-0.20409239E-01 0.16969971E+00 0.50457960E+00
 0.00000000E+00 0.87753975E+00 0.49791041E+00 0.17698629E-01 0.76231003E+00 0.45877030E+00 0.14169302E-01 0.75011003E+00
 0.47206002E+00 0.13317396E-01 0.78077978E+00 0.24810053E+00-0.20495536E-01 0.33675963E+00 0.49167046E+00 0.14414917E-01
 0.79999965E+00 0.12920983E+00-0.21410504E-01 0.13752975E+00 0.58186966E+00-0.82800854E-02 0.99999958E+00 0.23199950E+00
-0.21025488E-01 0.30423009E+00 0.39119977E+00 0.00000000E+00 0.68034005E+00 0.61647028E+00-0.14116196E-01 0.99999958E+00
 0.11324046E+00-0.21847522E-01 0.10671951E+00 0.96405908E-01-0.22142923E-01 0.76327473E-01 0.31577951E+00-0.20584045E-01
 0.43999961E+00 0.40794027E+00-0.17829180E-01 0.62317050E+00 0.80498494E-01-0.22515770E-01 0.46422251E-01 0.59939015E+00
-0.12903613E-01 0.99000019E+00 0.47953025E+00 0.18209772E-01 0.72602987E+00 0.44121993E+00 0.14465810E-01 0.71854967E+00
 0.21548027E+00-0.21587525E-01 0.27054992E+00 0.42172012E+00-0.15165037E-01 0.67929012E+00 0.38265967E+00-0.18500747E-01
 0.57426995E+00 0.10141003E+00 0.23885459E-01 0.60595978E-01 0.42196020E+00 0.14656106E-01 0.68538952E+00 0.17114021E+00
 0.21685991E-01 0.19999991E+00 0.37065998E+00-0.19245336E-01 0.54462034E+00 0.83865188E-01 0.24195243E-01 0.28940471E-01
 0.33615002E+00-0.20298602E-01 0.47548980E+00 0.19730037E+00-0.22064371E-01 0.23546024E+00 0.35431996E+00-0.19823968E-01
 0.51066023E+00 0.79068953E+00 0.00000000E+00 0.40625969E+00 0.80009037E+00 0.00000000E+00 0.43999961E+00 0.77365035E+00
-0.32814983E-02 0.43999961E+00 0.57719964E+00-0.13287524E-01 0.95000046E+00 0.94216955E+00 0.00000000E+00 0.95000046E+00
 0.94911975E+00 0.00000000E+00 0.97500002E+00 0.92446983E+00-0.30657561E-02 0.97551006E+00 0.78124005E+00 0.00000000E+00
 0.37235051E+00 0.76047009E+00-0.35204748E-02 0.39964026E+00 0.95607996E+00 0.00000000E+00 0.99999958E+00 0.93073958E+00
-0.31354574E-02 0.99999958E+00 0.52883017E+00 0.18107986E-01 0.79999965E+00 0.51126987E+00 0.13790923E-01 0.83876032E+00
 0.45912987E+00 0.18468663E-01 0.69114041E+00 0.17689003E+00-0.22327688E-01 0.19999991E+00 0.77174956E+00 0.00000000E+00
 0.33829969E+00 0.74907005E+00-0.36709413E-02 0.36312005E+00 0.74614036E+00 0.00000000E+00 0.24649961E+00 0.75262040E+00
 0.00000000E+00 0.26975998E+00 0.72078013E+00-0.36842178E-02 0.26214039E+00 0.73966038E+00 0.00000000E+00 0.22325031E+00
 0.76220047E+00 0.00000000E+00 0.30409953E+00 0.73896003E+00-0.37384299E-02 0.32887009E+00 0.40080971E+00-0.19167889E-01
 0.59171969E+00 0.72908014E+00-0.38070250E-02 0.29546985E+00 0.26797983E+00 0.21781139E-01 0.34825042E+00 0.80706054E+00
 0.00000000E+00 0.46504012E+00 0.25067949E+00 0.21942670E-01 0.31934977E+00 0.70439035E+00 0.00000000E+00 0.96612804E-01
 0.71390957E+00 0.00000000E+00 0.13082956E+00 0.68089986E+00-0.37727274E-02 0.12164003E+00 0.68625027E+00 0.00000000E+00
 0.31266063E-01 0.69491982E+00 0.00000000E+00 0.62532127E-01 0.66129053E+00-0.37793657E-02 0.51242713E-01 0.67116046E+00
-0.37981740E-02 0.87345831E-01 0.88151050E+00 0.00000000E+00 0.73224992E+00 0.87385994E+00 0.00000000E+00 0.70482957E+00
 0.84692973E+00 0.41367239E-02 0.72820944E+00 0.86622041E+00 0.00000000E+00 0.67742032E+00 0.83860981E+00 0.41920422E-02
 0.70001024E+00 0.90039957E+00 0.00000000E+00 0.79999965E+00 0.90957028E+00 0.00000000E+00 0.83292973E+00 0.87536019E+00
-0.39198748E-02 0.82380992E+00 0.19548039E+00 0.22307772E-01 0.22906983E+00 0.72347969E+00 0.00000000E+00 0.16520010E+00
 0.68992013E+00-0.39309384E-02 0.15862051E+00 0.89095008E+00 0.00000000E+00 0.76611042E+00 0.85576963E+00 0.41743405E-02
 0.76102000E+00 0.85856986E+00 0.00000000E+00 0.65000004E+00 0.82996023E+00 0.42739138E-02 0.67138952E+00 0.16557959E+00
 0.23062319E-01 0.17177969E+00 0.23318996E+00 0.22163944E-01 0.28918010E+00 0.86776048E+00-0.40393630E-02 0.79999965E+00
 0.14120954E+00 0.23245975E-01 0.13148011E+00 0.91873991E+00 0.00000000E+00 0.86584979E+00 0.88492036E+00-0.39807255E-02
 0.86001039E+00 0.87266946E+00 0.42628502E-02 0.82427013E+00 0.86548030E+00 0.43159560E-02 0.79999965E+00 0.93521047E+00
 0.00000000E+00 0.92499977E+00 0.91203970E+00-0.37229408E-02 0.95000046E+00 0.11975035E+00 0.23509292E-01 0.94427720E-01
 0.83037955E+00 0.00000000E+00 0.54884005E+00 0.83977044E+00 0.00000000E+00 0.58256996E+00 0.80760044E+00-0.36676221E-02
 0.57339042E+00 0.21539950E+00 0.22360878E-01 0.25890979E+00 0.82099968E+00 0.00000000E+00 0.51511008E+00 0.79794955E+00
-0.37240472E-02 0.54029995E+00 0.81402957E+00 0.00000000E+00 0.49006957E+00 0.78928006E+00-0.37837911E-02 0.51085055E+00
 0.85596991E+00-0.43524662E-02 0.76694018E+00 0.84917015E+00 0.00000000E+00 0.61628997E+00 0.81667048E+00-0.37937486E-02
 0.60962963E+00 0.73318034E+00 0.00000000E+00 0.19999991E+00 0.69772005E+00-0.43922956E-02 0.19999991E+00 0.92825025E+00
 0.00000000E+00 0.90000015E+00 0.90290993E+00-0.39176620E-02 0.92291975E+00 0.62114030E+00 0.00000000E+00 0.10138005E+01
 0.40891054E+00 0.00000000E+00 0.71114033E+00 0.84591961E+00-0.45471876E-02 0.73665988E+00 0.83744037E+00-0.46368036E-02
 0.70890987E+00 0.82946014E+00-0.46489737E-02 0.68061996E+00 0.77813995E+00-0.40946817E-02 0.47985995E+00 0.43303058E+00
 0.18581513E-01 0.65000004E+00 0.28682023E+00 0.21843096E-01 0.37568954E+00 0.70075041E+00-0.49819918E-02 0.22808959E+00
 0.32204047E+00 0.21165997E-01 0.43999961E+00 0.82439959E+00-0.42252336E-02 0.65000004E+00 0.89332986E+00-0.43082112E-02
 0.90000015E+00 0.76532042E+00 0.43071052E-02 0.43999961E+00 0.78596979E+00 0.42185951E-02 0.51166040E+00 0.79420006E+00
 0.42185951E-02 0.54127020E+00 0.80343050E+00 0.42230207E-02 0.57462955E+00 0.77787000E+00 0.42385100E-02 0.48309055E+00
 0.81314999E+00 0.42584245E-02 0.61059988E+00 0.59168977E+00 0.17565863E-01 0.90000015E+00 0.82383978E+00 0.42938287E-02
 0.65000004E+00 0.88259029E+00 0.42805523E-02 0.86052042E+00 0.33841035E+00 0.20918170E-01 0.46869999E+00 0.44044989E+00
-0.15128527E-01 0.70971972E+00 0.75485969E+00 0.42473609E-02 0.40066034E+00 0.43737972E+00-0.18969849E-01 0.65000004E+00
 0.65875030E+00 0.42429352E-02 0.55595178E-01 0.55004042E+00-0.11780646E-01 0.92323953E+00 0.39056027E+00 0.20218942E-01
 0.55855948E+00 0.74503952E+00 0.42141699E-02 0.36447978E+00 0.35535994E+00 0.20672554E-01 0.49826002E+00 0.42365959E+00
 0.19305080E-01 0.62376016E+00 0.29948044E+00-0.22814490E-01 0.37735018E+00 0.92424965E+00 0.30856708E-02 0.97534961E+00
 0.93250978E+00 0.00000000E+00 0.10030997E+01 0.93073958E+00 0.31365638E-02 0.99999958E+00 0.47875026E+00 0.00000000E+00
 0.83261991E+00 0.42689019E+00 0.00000000E+00 0.74240971E+00 0.45829013E+00-0.14882912E-01 0.74114954E+00 0.37305969E+00
 0.20455707E-01 0.52840978E+00 0.66777056E+00 0.42562117E-02 0.88485397E-01 0.70975959E-01-0.23460612E-01 0.19062784E-01
 0.73538977E+00 0.42230207E-02 0.33015016E+00 0.58215952E+00 0.18289430E-01 0.87045008E+00 0.89306986E+00 0.43380833E-02
 0.90000015E+00 0.45936000E+00-0.19218782E-01 0.67799008E+00 0.47853011E+00-0.19064996E-01 0.70879036E+00 0.47325048E+00
 0.11372395E-01 0.79999965E+00 0.91512984E+00-0.34231141E-02 0.95315027E+00 0.40774000E+00 0.19926861E-01 0.58919048E+00
 0.72615045E+00 0.42075315E-02 0.29654965E+00 0.67709947E+00 0.42827646E-02 0.12277960E+00 0.90679991E+00 0.43557854E-02
 0.95000046E+00 0.71823990E+00 0.40260865E-02 0.26298013E+00 0.44344041E+00 0.00000000E+00 0.77120966E+00 0.47491005E+00
-0.14480193E-01 0.77247977E+00 0.49608046E+00-0.18671129E-01 0.74180007E+00 0.68679017E+00 0.43469341E-02 0.15951999E+00
 0.51749980E+00 0.00000000E+00 0.90000015E+00 0.54946953E+00-0.13767689E-01 0.90000015E+00 0.69734055E+00 0.44398694E-02
 0.19999991E+00 0.51237953E+00-0.18285004E-01 0.77285039E+00 0.49194044E+00-0.14452534E-01 0.79999965E+00 0.60767025E+00
 0.16247068E-01 0.95000046E+00 0.64957958E+00 0.42606373E-02 0.23117637E-01 0.55187035E+00 0.18079219E-01 0.83333021E+00
 0.45999947E+00 0.00000000E+00 0.79999965E+00 0.28367040E+00-0.23233805E-01 0.34638947E+00 0.16410036E+00-0.24175327E-01
 0.15211947E+00 0.43654993E+00-0.21112891E-01 0.60727966E+00 0.53016001E+00-0.14251173E-01 0.86326975E+00 0.99539153E-01
-0.25850374E-01 0.27149254E-01 0.32094958E+00-0.22875341E-01 0.40732956E+00 0.14884019E+00-0.24957532E-01 0.11615022E+00
 0.74720031E+00-0.65054656E-02 0.43999961E+00 0.52811986E+00-0.18057093E-01 0.79999965E+00 0.51347041E+00-0.14704786E-01
 0.83106989E+00 0.13225015E+00-0.25383485E-01 0.84106378E-01 0.90890980E+00 0.00000000E+00 0.10061002E+01 0.11599975E+00
-0.25715398E-01 0.54121491E-01 0.26842016E+00-0.23771502E-01 0.31403032E+00 0.72578979E+00-0.74879238E-02 0.39278960E+00
 0.90539044E+00-0.61304057E-02 0.99999958E+00 0.71574944E+00-0.73905629E-02 0.35361964E+00 0.70521015E+00-0.75421357E-02
 0.32028022E+00 0.69529045E+00-0.77091982E-02 0.28968018E+00 0.69435996E+00 0.58361106E-02 0.23026028E+00 0.64692980E+00
-0.76007736E-02 0.11229009E+00 0.63651001E+00-0.76782196E-02 0.77034451E-01 0.49167046E+00 0.00000000E+00 0.85508037E+00
 0.84998995E+00-0.76594111E-02 0.84855944E+00 0.65666038E+00-0.76295394E-02 0.14824054E+00 0.34663951E+00 0.24378899E-01
 0.41014969E+00 0.88821954E+00-0.66835913E-02 0.95701039E+00 0.83510041E+00-0.78331120E-02 0.79999965E+00 0.81070048E+00
 0.81993202E-02 0.72334027E+00 0.81955034E+00 0.82192356E-02 0.75629026E+00 0.25289002E+00-0.24364518E-01 0.28010011E+00
 0.80094010E+00 0.83586378E-02 0.69311976E+00 0.84369028E+00 0.83719147E-02 0.84999990E+00 0.20309997E+00 0.24770556E-01
 0.19999991E+00 0.40852997E+00-0.21504547E-01 0.55976987E+00 0.82881957E+00 0.85046794E-02 0.79999965E+00 0.68248969E+00
-0.83011072E-02 0.26173988E+00 0.77415037E+00-0.73916693E-02 0.56458038E+00 0.66224974E+00-0.86651035E-02 0.19999991E+00
 0.78403032E+00-0.73651164E-02 0.59949964E+00 0.82023960E+00-0.85257003E-02 0.76929009E+00 0.76454043E+00-0.75056255E-02
 0.53337955E+00 0.88188004E+00-0.72102244E-02 0.95000046E+00 0.54122043E+00 0.20322941E-01 0.76576966E+00 0.75866008E+00
-0.73186485E-02 0.50625026E+00 0.58588022E+00-0.16118729E-01 0.92062956E+00 0.23755017E+00-0.25238551E-01 0.24066018E+00
 0.80906969E+00-0.88896966E-02 0.74096036E+00 0.79966003E+00-0.90689287E-02 0.71267045E+00 0.32674032E+00 0.24695322E-01
 0.37595949E+00 0.39227957E+00-0.22277901E-01 0.52051026E+00 0.21386054E+00-0.25581526E-01 0.19999991E+00 0.72838974E+00
 0.86905500E-02 0.43999961E+00 0.35318041E+00-0.23479421E-01 0.43999961E+00 0.37695965E+00-0.23124274E-01 0.48050055E+00
 0.86875957E+00-0.77766865E-02 0.92125028E+00 0.33497947E+00-0.24915490E-01 0.38155994E+00 0.79020053E+00-0.82380436E-02
 0.65000004E+00 0.78897023E+00-0.92105446E-02 0.67839944E+00 0.73871994E+00 0.85511468E-02 0.47296947E+00 0.71713024E+00
 0.85511468E-02 0.39469036E+00 0.23323976E+00 0.25569357E-01 0.22772007E+00 0.78673983E+00 0.86175287E-02 0.65000004E+00
 0.16040951E+00 0.26985511E-01 0.95504217E-01 0.28850967E+00 0.25033873E-01 0.31627959E+00 0.18208002E+00 0.26702281E-01
 0.13201006E+00 0.27144054E+00 0.25283912E-01 0.28721961E+00 0.85835969E+00-0.82634902E-02 0.90000015E+00 0.25370982E+00
 0.25536165E-01 0.25710973E+00 0.70710981E+00 0.85046794E-02 0.35699961E+00 0.14102034E+00 0.27326275E-01 0.60977675E-01
 0.75679034E+00 0.84537864E-02 0.53551048E+00 0.30543050E+00 0.24890045E-01 0.34264994E+00 0.74864966E+00 0.84714880E-02
 0.50646043E+00 0.76522970E+00 0.84869768E-02 0.56731975E+00 0.20044026E+00-0.26061691E-01 0.17115016E+00 0.77499014E+00
 0.85378699E-02 0.60451043E+00 0.62353009E+00-0.77788993E-02 0.33233192E-01 0.62014014E+00 0.86153168E-02 0.46443272E-01
 0.12338036E+00 0.27680313E-01 0.28669409E-01 0.69789040E+00 0.84692752E-02 0.32257041E+00 0.69279003E+00 0.80687683E-02
 0.29171038E+00 0.62972021E+00 0.86108912E-02 0.80945469E-01 0.73937052E+00-0.86850179E-02 0.47967961E+00 0.51975018E+00
 0.20548642E-01 0.73250991E+00 0.61473000E+00-0.16738297E-01 0.95000046E+00 0.64580023E+00 0.16415237E-01 0.99999958E+00
 0.63852030E+00 0.86839115E-02 0.11499959E+00 0.46579021E+00 0.21000041E-01 0.65000004E+00 0.55708027E+00-0.18089177E-01
 0.84046966E+00 0.66034013E+00-0.98478142E-02 0.23057008E+00 0.72073036E+00-0.95424559E-02 0.43999961E+00 0.64812028E+00
 0.87989736E-02 0.15322031E+00 0.63699019E+00 0.16320089E-01 0.99000019E+00 0.18598993E+00-0.27089510E-01 0.12929945E+00
 0.49898028E+00 0.20915957E-01 0.69624966E+00 0.20754980E+00 0.27001001E-01 0.16102023E+00 0.63602984E+00-0.16260345E-01
 0.99000019E+00 0.67660052E+00 0.90910560E-02 0.26522052E+00 0.88426977E+00-0.83763404E-02 0.99999958E+00 0.65943956E+00
 0.89892698E-02 0.19999991E+00 0.31957990E+00-0.25169956E-01 0.35501033E+00 0.16969971E+00-0.27721249E-01 0.92958458E-01
 0.69364971E+00-0.10547041E-01 0.37505004E+00 0.68119967E+00-0.10998441E-01 0.34495011E+00 0.13315958E+00-0.28268903E-01
 0.30345563E-01 0.85517001E+00 0.85954014E-02 0.90000015E+00 0.15327010E+00-0.28132819E-01 0.61219972E-01 0.30547032E+00
-0.25661185E-01 0.32429966E+00 0.67041034E+00-0.11235205E-01 0.31366965E+00 0.86875957E+00 0.85843382E-02 0.95000046E+00
 0.81278050E+00-0.11040483E-01 0.83447975E+00 0.37399015E+00 0.23518143E-01 0.46725950E+00 0.66368032E+00-0.11193163E-01
 0.28759027E+00 0.62222010E+00-0.11228566E-01 0.13736047E+00 0.47552961E+00-0.21535525E-01 0.65000004E+00 0.61117965E+00
-0.11401161E-01 0.10280959E+00 0.36360019E+00 0.24075754E-01 0.43999961E+00 0.80237949E+00-0.11158865E-01 0.79999965E+00
 0.63337016E+00-0.10999547E-01 0.17037018E+00 0.29084963E+00-0.26221009E-01 0.29119039E+00 0.78192043E+00 0.11834858E-01
 0.74974054E+00 0.39388049E+00 0.23526995E-01 0.49340969E+00 0.77215010E+00 0.11960984E-01 0.71794009E+00 0.44829959E+00
 0.22354240E-01 0.59383947E+00 0.59949964E+00-0.11577073E-01 0.66001713E-01 0.56690043E+00-0.17041443E-01 0.87568986E+00
 0.86151946E+00-0.96243275E-02 0.96224022E+00 0.43205032E+00-0.23857798E-01 0.53235948E+00 0.41258040E+00 0.23221636E-01
 0.52545023E+00 0.69036043E+00-0.11740817E-01 0.40485016E+00 0.79011977E+00 0.12310598E-01 0.79999965E+00 0.80184954E+00
 0.12122515E-01 0.83704984E+00 0.43030003E+00 0.22900788E-01 0.55655032E+00 0.65515018E+00-0.16929699E-01 0.99999958E+00
 0.82701945E+00-0.10624487E-01 0.87167042E+00 0.78688031E+00-0.11931112E-01 0.77225959E+00 0.86889011E+00 0.00000000E+00
 0.10104005E+01 0.74988991E+00-0.10749508E-01 0.58915955E+00 0.27596009E+00-0.26836151E-01 0.25621024E+00 0.24413972E+00
 0.27423635E-01 0.19999991E+00 0.73895007E+00-0.10976314E-01 0.55691987E+00 0.64576042E+00-0.12373661E-01 0.26317042E+00
 0.72784984E+00-0.11126780E-01 0.52130020E+00 0.76149017E+00-0.10456319E-01 0.62143016E+00 0.85168052E+00-0.10254960E-01
 0.95000046E+00 0.65971947E+00 0.00000000E+00 0.10167003E+01 0.77205050E+00-0.12704466E-01 0.74759972E+00 0.68928945E+00
 0.12799614E-01 0.43999961E+00 0.65345961E+00 0.10595722E-01 0.23009987E+00 0.23330945E+00-0.27716823E-01 0.17849980E+00
 0.62672967E+00-0.12568383E-01 0.19999991E+00 0.69784945E+00 0.12635871E-01 0.46576035E+00 0.49987975E+00-0.21713652E-01
 0.67604953E+00 0.58330017E+00-0.12423447E-01 0.35326447E-01 0.75991029E+00-0.13002080E-01 0.71373034E+00 0.67228013E+00
 0.13155865E-01 0.39004028E+00 0.75953966E+00 0.12295108E-01 0.68380964E+00 0.66760015E+00 0.12531872E-01 0.34945968E+00
 0.25315002E+00-0.27867289E-01 0.19999991E+00 0.35477024E+00-0.24753960E-01 0.41141981E+00 0.65844053E+00 0.12383618E-01
 0.31021997E+00 0.58627963E+00-0.17212931E-01 0.90000015E+00 0.70101041E+00-0.12620382E-01 0.47692034E+00 0.81105012E+00
 0.12226514E-01 0.87671989E+00 0.22453038E+00-0.28493496E-01 0.14714965E+00 0.75594950E+00-0.11775114E-01 0.65000004E+00
 0.27348956E+00 0.27852908E-01 0.22561021E+00 0.82333970E+00-0.11662264E-01 0.90000015E+00 0.70862997E+00 0.12467703E-01
 0.49960980E+00 0.20232993E+00 0.29395189E-01 0.94941072E-01 0.18236989E+00 0.29764717E-01 0.59962027E-01 0.51953000E+00
-0.21455865E-01 0.70725030E+00 0.31093028E+00 0.27410358E-01 0.28339046E+00 0.58952022E+00 0.12857146E-01 0.73247336E-01
 0.29359010E+00 0.27702441E-01 0.25419995E+00 0.16468011E+00 0.30132033E-01 0.27803121E-01 0.32725036E+00 0.27166957E-01
 0.30980951E+00 0.21809021E+00 0.29043363E-01 0.12418026E+00 0.71743006E+00 0.12410171E-01 0.53035033E+00 0.86314029E+00
-0.10418702E-01 0.99999958E+00 0.72528970E+00 0.12436724E-01 0.56077003E+00 0.34675017E+00 0.26925769E-01 0.33952999E+00
 0.56612045E+00 0.20192390E-01 0.79999965E+00 0.67912966E+00-0.13786498E-01 0.43999961E+00 0.66095972E+00-0.13771009E-01
 0.37124965E+00 0.59831029E+00 0.12905826E-01 0.10728044E+00 0.26685020E+00-0.27621675E-01 0.22382011E+00 0.20895046E+00
-0.29328806E-01 0.10501016E+00 0.74707967E+00 0.12627020E-01 0.65000004E+00 0.45207012E+00-0.23333378E-01 0.57166004E+00
 0.72892970E+00 0.13089484E-01 0.60004956E+00 0.62096989E+00-0.13970155E-01 0.22976021E+00 0.64526033E+00-0.14434831E-01
 0.33821008E+00 0.35188040E+00-0.26485432E-01 0.35926986E+00 0.17221007E+00-0.30188458E-01 0.35770103E-01 0.19236042E+00
-0.29885313E-01 0.69092914E-01 0.63357037E+00-0.14697041E-01 0.30458966E+00 0.60181975E+00 0.13682499E-01 0.14814980E+00
 0.79166979E+00-0.13645989E-01 0.86399996E+00 0.53648961E+00-0.21036552E-01 0.73977983E+00 0.34293982E+00-0.26984405E-01
 0.33341950E+00 0.57858038E+00 0.12932379E-01 0.35579808E-01 0.59972978E+00-0.14328619E-01 0.16422981E+00 0.77464050E+00
-0.14307599E-01 0.82758039E+00 0.63503963E+00 0.13538671E-01 0.26593968E+00 0.61914992E+00 0.13346162E-01 0.19999991E+00
 0.58526951E+00-0.14815424E-01 0.12862013E+00 0.56547987E+00-0.15065463E-01 0.64261384E-01 0.74877024E+00-0.13174674E-01
 0.67856985E+00 0.41638961E+00-0.24465198E-01 0.49582046E+00 0.48041978E+00-0.23129806E-01 0.61071056E+00 0.57342029E+00
-0.15045549E-01 0.93107820E-01 0.39398006E+00-0.25441017E-01 0.43999961E+00 0.32980055E+00-0.27513251E-01 0.30172968E+00
 0.75976980E+00-0.14972528E-01 0.79999965E+00 0.36878023E+00 0.26598282E-01 0.37454996E+00 0.55143005E+00-0.20674767E-01
 0.76826006E+00 0.74273056E+00 0.15180526E-01 0.74266970E+00 0.75350994E+00 0.14926060E-01 0.77323985E+00 0.25365010E+00
 0.29585486E-01 0.15002954E+00 0.37489957E+00-0.26442284E-01 0.38638040E+00 0.31575960E+00-0.28086351E-01 0.26746979E+00
 0.81439024E+00 0.12467703E-01 0.90000015E+00 0.76012051E+00 0.15587671E-01 0.83155006E+00 0.72794056E+00-0.13566330E-01
 0.61557966E+00 0.65201026E+00-0.15461545E-01 0.40495971E+00 0.82787025E+00 0.12419023E-01 0.95000046E+00 0.81903034E+00
-0.13647094E-01 0.97175944E+00 0.86995995E+00 0.88255266E-02 0.96372056E+00 0.86601025E+00 0.10150961E-01 0.99999958E+00
 0.82879961E+00 0.00000000E+00 0.10141003E+01 0.76853001E+00 0.15605372E-01 0.86687982E+00 0.63592035E+00 0.16191749E-01
 0.37398019E+00 0.54324955E+00-0.16573448E-01 0.38755093E-01 0.62605035E+00 0.16351067E-01 0.34290996E+00 0.71343052E+00
-0.14085218E-01 0.58183974E+00 0.73069984E+00 0.15536778E-01 0.71195018E+00 0.60657048E+00-0.16237112E-01 0.26415953E+00
 0.70132017E+00-0.14441470E-01 0.55051947E+00 0.64820987E+00 0.16632086E-01 0.43999961E+00 0.26414955E+00-0.29520210E-01
 0.16373970E+00 0.61506963E+00 0.14534405E-01 0.22907980E+00 0.73227978E+00-0.16233793E-01 0.75177956E+00 0.30320007E+00
-0.28742431E-01 0.23180036E+00 0.51038033E+00 0.22922914E-01 0.65000004E+00 0.54699016E+00 0.16875487E-01 0.64792447E-01
 0.67806977E+00 0.17886711E-01 0.99999958E+00 0.68313032E+00-0.15245802E-01 0.51476043E+00 0.28786021E+00 0.29196043E-01
 0.19999991E+00 0.40731958E+00-0.25196509E-01 0.46277979E+00 0.74925041E+00 0.15833285E-01 0.79999965E+00 0.58319950E+00
-0.16837871E-01 0.19999991E+00 0.61080015E+00 0.16831232E-01 0.30485961E+00 0.55796981E+00 0.21858586E-01 0.73631030E+00
 0.38857988E+00 0.26275221E-01 0.40662035E+00 0.82941037E+00 0.12726594E-01 0.97014970E+00 0.80776972E+00-0.14112878E-01
 0.95000046E+00 0.56803006E+00-0.20268729E-01 0.79999965E+00 0.65926033E+00-0.16459491E-01 0.47521985E+00 0.53579038E+00
 0.17003827E-01 0.27545337E-01 0.25010970E+00-0.30306840E-01 0.12197969E+00 0.66565961E+00 0.16269196E-01 0.49159968E+00
 0.29484031E+00-0.29392976E-01 0.19999991E+00 0.49349046E+00 0.23666397E-01 0.60616004E+00 0.58247042E+00 0.21683779E-01
 0.76500958E+00 0.62322026E+00-0.17137697E-01 0.36557952E+00 0.54766947E+00 0.22604279E-01 0.69741023E+00 0.55653042E+00
 0.16853360E-01 0.99905364E-01 0.77209032E+00 0.15935071E-01 0.90000015E+00 0.77928948E+00-0.15392950E-01 0.90000015E+00
 0.82403004E+00 0.13799774E-01 0.99999958E+00 0.61135995E+00-0.17458545E-01 0.33378017E+00 0.71786040E+00-0.16530300E-01
 0.70862001E+00 0.24304000E+00 0.30884366E-01 0.94104655E-01 0.31085947E+00 0.29180553E-01 0.22329015E+00 0.40910971E+00
 0.25925608E-01 0.43999961E+00 0.82082045E+00-0.14052027E-01 0.99999958E+00 0.67959988E+00 0.15746988E-01 0.52267987E+00
 0.75087011E+00-0.16756000E-01 0.85750997E+00 0.20254014E+00 0.31669889E-01 0.25003999E-01 0.23383056E+00-0.31030407E-01
 0.79627782E-01 0.71668988E+00 0.16021369E-01 0.67953020E+00 0.22494970E+00 0.31430915E-01 0.56084193E-01 0.56461024E+00
 0.16871061E-01 0.13106965E+00 0.34711969E+00 0.28622942E-01 0.27762958E+00 0.63499981E+00-0.17781606E-01 0.43999961E+00
 0.64095986E+00 0.18125687E-01 0.95000046E+00 0.21332948E+00-0.31513892E-01 0.41549791E-01 0.71128970E+00-0.15844349E-01
 0.65000004E+00 0.33269039E+00 0.29030086E-01 0.24847007E+00 0.55998009E+00-0.17946456E-01 0.15755950E+00 0.65881997E+00
-0.18747468E-01 0.95000046E+00 0.51716018E+00-0.23105467E-01 0.65000004E+00 0.43579981E+00 0.25352508E-01 0.48737997E+00
 0.47385013E+00 0.24451921E-01 0.55772972E+00 0.67338979E+00 0.18034965E-01 0.99000019E+00 0.45503962E+00 0.24934299E-01
 0.52153033E+00 0.63149041E+00 0.19369248E-01 0.90000015E+00 0.53312951E+00-0.18612491E-01 0.82987837E-01 0.59108019E+00
 0.17552586E-01 0.25987011E+00 0.36782986E+00 0.28437072E-01 0.30138007E+00 0.37841010E+00-0.27660398E-01 0.34411037E+00
 0.73869008E+00-0.17123315E-01 0.82687014E+00 0.61509949E+00 0.18740831E-01 0.40616012E+00 0.57897979E+00-0.17907733E-01
 0.22858967E+00 0.54597008E+00-0.18319303E-01 0.11971052E+00 0.68322986E+00 0.16112091E-01 0.55272007E+00 0.36947948E+00
-0.28242350E-01 0.31159964E+00 0.71620971E+00 0.17745096E-01 0.76706964E+00 0.49038044E+00-0.24331326E-01 0.57714987E+00
 0.57664979E+00 0.17441949E-01 0.19999991E+00 0.69140041E+00 0.16103240E-01 0.58411998E+00 0.59029025E+00-0.18620236E-01
 0.30346006E+00 0.44544959E+00-0.25961012E-01 0.47070029E+00 0.59020948E+00 0.20072902E-01 0.83172047E+00 0.70471007E+00
 0.16399747E-01 0.65000004E+00 0.35666990E+00-0.28761238E-01 0.27847043E+00 0.45804009E+00-0.25359146E-01 0.50699037E+00
 0.50203055E+00 0.20736724E-01 0.54835100E-01 0.53894019E+00-0.22989297E-01 0.67389983E+00 0.70546019E+00 0.18032752E-01
 0.73797977E+00 0.41440037E+00-0.26860492E-01 0.40713039E+00 0.72171944E+00 0.18296069E-01 0.82924992E+00 0.71460992E+00
-0.18359132E-01 0.79999965E+00 0.60956985E+00-0.19132486E-01 0.40280005E+00 0.39098954E+00 0.28025500E-01 0.33584023E+00
 0.78461003E+00 0.15862051E-01 0.95000046E+00 0.72502971E+00 0.18475302E-01 0.86170977E+00 0.59492040E+00 0.19716650E-01
 0.37257951E+00 0.68839002E+00-0.16906466E-01 0.60949022E+00 0.50033003E+00-0.20586258E-01 0.41514385E-01 0.79418015E+00
 0.15640777E-01 0.97684985E+00 0.34498993E+00-0.29328806E-01 0.24334978E+00 0.47442988E+00-0.24821449E-01 0.54327053E+00
 0.53712022E+00 0.20190177E-01 0.16702008E+00 0.51262957E+00 0.20661492E-01 0.92696249E-01 0.58151007E+00 0.20128220E-01
 0.33911952E+00 0.67897034E+00-0.16992763E-01 0.57630014E+00 0.56622994E+00-0.22856534E-01 0.69758946E+00 0.79207033E+00
 0.16089963E-01 0.99999958E+00 0.28826958E+00-0.30758239E-01 0.13786055E+00 0.52176046E+00-0.24129966E-01 0.60792029E+00
 0.30532983E+00 0.30638751E-01 0.15415962E+00 0.56407034E+00-0.19977754E-01 0.26287943E+00 0.66153944E+00-0.17863477E-01
 0.54868954E+00 0.70610964E+00 0.18891297E-01 0.79999965E+00 0.30449009E+00-0.30389817E-01 0.16615048E+00 0.63089961E+00
-0.19351548E-01 0.90000015E+00 0.58130980E+00-0.20432472E-01 0.35328993E+00 0.58142042E+00-0.22314411E-01 0.73406988E+00
 0.64012009E+00-0.18856999E-01 0.51173007E+00 0.52206028E+00 0.20628300E-01 0.12807027E+00 0.56414002E+00 0.20730086E-01
 0.29906002E+00 0.61882025E+00 0.19944562E-01 0.48097959E+00 0.28756037E+00 0.31298149E-01 0.11020015E+00 0.68746948E+00
-0.19412398E-01 0.74958009E+00 0.78864056E+00 0.00000000E+00 0.10168995E+01 0.60478038E+00 0.20260984E-01 0.43999961E+00
 0.68771952E+00 0.18842617E-01 0.71039021E+00 0.53694981E+00-0.20920383E-01 0.19999991E+00 0.33440968E+00 0.30039098E-01
 0.19999991E+00 0.33904982E+00-0.30064544E-01 0.19999991E+00 0.61594033E+00-0.20078434E-01 0.47625983E+00 0.72774035E+00
 0.18650107E-01 0.90000015E+00 0.77286035E+00-0.16992763E-01 0.97996986E+00 0.54520005E+00 0.21165997E-01 0.24462985E+00
 0.28218010E+00-0.31505041E-01 0.96435785E-01 0.70610964E+00-0.19342696E-01 0.84906948E+00 0.63688952E+00 0.19398015E-01
 0.52652007E+00 0.41275963E+00 0.27591804E-01 0.36958015E+00 0.73263049E+00-0.18415557E-01 0.90000015E+00 0.66360950E+00
 0.19061677E-01 0.61955047E+00 0.50844973E+00-0.21439271E-01 0.11190949E+00 0.76091045E+00-0.17364504E-01 0.95000046E+00
 0.25975949E+00-0.32210905E-01 0.47663599E-01 0.67975032E+00-0.18218623E-01 0.99000019E+00 0.51377022E+00-0.21794416E-01
 0.14977950E+00 0.41244984E+00-0.27559718E-01 0.37119988E+00 0.43829024E+00-0.26506454E-01 0.43999961E+00 0.48572040E+00
-0.22710491E-01 0.82330652E-01 0.26960951E+00 0.32161120E-01 0.54026343E-01 0.58820027E+00-0.21511184E-01 0.43999961E+00
 0.37629029E+00 0.29361999E-01 0.24850988E+00 0.67245048E+00-0.19669076E-01 0.69690019E+00 0.53218025E+00 0.21316463E-01
 0.19999991E+00 0.60232979E+00-0.19292910E-01 0.86965019E+00 0.53866029E+00-0.21352973E-01 0.22758950E+00 0.67247039E+00
 0.20329580E-01 0.75726050E+00 0.39858037E+00-0.28765664E-01 0.28846982E+00 0.67059952E+00 0.19482099E-01 0.67549968E+00
 0.77843982E+00-0.16886551E-01 0.99999958E+00 0.40932986E+00-0.28279968E-01 0.32412043E+00 0.54706985E+00-0.22149561E-01
 0.30262032E+00 0.73937052E+00 0.18386791E-01 0.95000046E+00 0.56833982E+00 0.22347601E-01 0.40464991E+00 0.64746976E+00
 0.19544056E-01 0.57872975E+00 0.75890017E+00 0.17565863E-01 0.98363966E+00 0.59173959E+00 0.22613131E-01 0.71672970E+00
 0.38359013E+00-0.29218171E-01 0.25747040E+00 0.43422988E+00 0.27160319E-01 0.40177998E+00 0.66337049E+00-0.19586097E-01
 0.65000004E+00 0.68045950E+00 0.20278687E-01 0.85154992E+00 0.52185011E+00-0.24921022E-01 0.55471045E+00 0.46670961E+00
 0.24277113E-01 0.84813349E-01 0.56384021E+00-0.22554493E-01 0.39778045E+00 0.55929965E+00 0.23580100E-01 0.65000004E+00
 0.54280031E+00 0.24133286E-01 0.61130023E+00 0.55476022E+00 0.22756960E-01 0.37055042E+00 0.45363009E+00-0.24490643E-01
 0.42359654E-01 0.66671950E+00-0.20741150E-01 0.79999965E+00 0.64597946E+00-0.19963371E-01 0.59705019E+00 0.32936022E+00
-0.30916451E-01 0.13971041E+00 0.48456979E+00-0.25986459E-01 0.48249975E+00 0.41303954E+00 0.28580900E-01 0.29224035E+00
 0.47632954E+00 0.24212945E-01 0.12113000E+00 0.56254023E+00-0.23566823E-01 0.65000004E+00 0.76007956E+00 0.17731819E-01
 0.99999958E+00 0.45392993E+00 0.24467411E-01 0.42348590E-01 0.52095944E+00 0.24810385E-01 0.56439006E+00 0.69158965E+00
-0.18247388E-01 0.99999958E+00 0.61962014E+00-0.21034339E-01 0.54852027E+00 0.50167984E+00-0.25500761E-01 0.51541984E+00
 0.66053045E+00 0.20927021E-01 0.79999965E+00 0.59180045E+00-0.21812119E-01 0.76560038E+00 0.53172004E+00 0.23909798E-01
 0.34315997E+00 0.51847011E+00-0.23503760E-01 0.25842962E+00 0.48452994E+00 0.24305880E-01 0.16050023E+00 0.45889974E+00
 0.26618196E-01 0.43999961E+00 0.48123959E+00 0.25998628E-01 0.48245993E+00 0.59931046E+00-0.20287538E-01 0.83456051E+00
 0.49956995E+00 0.25478633E-01 0.51819021E+00 0.44966042E+00-0.27180234E-01 0.39810020E+00 0.59642947E+00-0.22054413E-01
 0.51279002E+00 0.38396960E+00-0.29519103E-01 0.22611029E+00 0.57161027E+00 0.23122063E-01 0.47592017E+00 0.65942961E+00
 0.19856052E-01 0.65000004E+00 0.47042039E+00-0.24605706E-01 0.11803990E+00 0.51460999E+00 0.24232859E-01 0.28699946E+00
 0.33204982E+00 0.31099001E-01 0.11966959E+00 0.68090981E+00 0.19942349E-01 0.90000015E+00 0.53187048E+00-0.23948522E-01
 0.34676012E+00 0.48557991E+00 0.24890045E-01 0.19999991E+00 0.35564983E+00 0.30486071E-01 0.15412974E+00 0.55886042E+00
 0.23460612E-01 0.43999961E+00 0.30262032E+00-0.31958655E-01 0.62648296E-01 0.48780039E+00-0.24736259E-01 0.19999991E+00
 0.57033020E+00-0.23226062E-01 0.47853011E+00 0.58721012E+00 0.22679513E-01 0.51772994E+00 0.68321991E+00-0.19923542E-01
 0.90000015E+00 0.49634045E+00 0.24730727E-01 0.23767962E+00 0.43927050E+00-0.26290711E-01 0.84014550E-01 0.71127975E+00
-0.19140230E-01 0.95000046E+00 0.38394970E+00 0.29685060E-01 0.19999991E+00 0.64097977E+00 0.21493483E-01 0.70996976E+00
 0.73869008E+00 0.00000000E+00 0.10185003E+01 0.43721044E+00 0.27930353E-01 0.32925954E+00 0.63470000E+00-0.21750161E-01
 0.74392986E+00 0.32499003E+00 0.31550400E-01 0.71584463E-01 0.60451043E+00 0.22159519E-01 0.56151021E+00 0.64880955E+00
-0.20713491E-01 0.84920996E+00 0.53852975E+00-0.24580261E-01 0.43999961E+00 0.72349960E+00-0.18633513E-01 0.99000019E+00
 0.48637980E+00-0.26358198E-01 0.43999961E+00 0.41862008E+00 0.27556399E-01 0.76401606E-01 0.61239994E+00 0.21362931E-01
 0.79999965E+00 0.37844992E+00-0.29921822E-01 0.17222004E+00 0.33798993E+00-0.31197470E-01 0.86728476E-01 0.52555972E+00
 0.24912171E-01 0.39933047E+00 0.38591018E+00-0.29641910E-01 0.19999991E+00 0.29437011E+00-0.32370225E-01 0.27518783E-01
 0.69147015E+00 0.19258613E-01 0.95000046E+00 0.46631023E+00-0.25627993E-01 0.16175044E+00 0.61103028E+00 0.22487005E-01
 0.65000004E+00 0.42366955E+00-0.28514517E-01 0.25796053E+00 0.72349960E+00 0.18634619E-01 0.99000019E+00 0.49967951E+00
-0.25350295E-01 0.29958001E+00 0.69919038E+00 0.00000000E+00 0.10182005E+01 0.44903976E+00-0.27568569E-01 0.35325009E+00
 0.62410980E+00 0.21860799E-01 0.76259989E+00 0.61192977E+00-0.22450494E-01 0.65000004E+00 0.62212056E+00-0.22168370E-01
 0.69288963E+00 0.43059987E+00 0.27306359E-01 0.11510027E+00 0.62781948E+00 0.20676980E-01 0.84375006E+00 0.51673973E+00
-0.25293870E-01 0.39119977E+00 0.45422974E+00 0.27410358E-01 0.36361015E+00 0.40581051E+00 0.27835205E-01 0.36065504E-01
 0.60458010E+00 0.22579940E-01 0.61027020E+00 0.39790991E+00-0.28465837E-01 0.46765227E-01 0.60135949E+00-0.22578834E-01
 0.58788055E+00 0.44571954E+00-0.27817503E-01 0.29991966E+00 0.72806007E+00-0.18489683E-01 0.99999958E+00 0.43565044E+00
 0.28085245E-01 0.24003951E+00 0.61542034E+00-0.21389484E-01 0.79999965E+00 0.57535976E+00-0.23559079E-01 0.55039006E+00
 0.44322026E+00 0.26970023E-01 0.15036033E+00 0.72806007E+00 0.18490789E-01 0.99999958E+00 0.42550945E+00-0.27710184E-01
 0.12315023E+00 0.46799964E+00-0.26628153E-01 0.25012961E+00 0.56548983E+00-0.23919756E-01 0.60158962E+00 0.55001056E+00
-0.24460772E-01 0.51584029E+00 0.48273984E+00 0.26500922E-01 0.33071995E+00 0.52502978E+00 0.25281699E-01 0.47580951E+00
 0.37597054E+00-0.30044630E-01 0.12508970E+00 0.52300954E+00-0.25342550E-01 0.48051050E+00 0.51027966E+00 0.25753014E-01
 0.43999961E+00 0.54112971E+00 0.24766130E-01 0.51490980E+00 0.48627028E+00-0.26410198E-01 0.34342995E+00 0.46335953E+00
 0.27093936E-01 0.28093985E+00 0.33695987E+00-0.31298149E-01 0.37507106E-01 0.37966031E+00 0.29875355E-01 0.10989037E+00
 0.43623018E+00 0.27846269E-01 0.19999991E+00 0.56957012E+00 0.23847843E-01 0.56780988E+00 0.48456979E+00 0.26573941E-01
 0.39109021E+00 0.43556967E+00-0.27879460E-01 0.19999991E+00 0.39362049E+00-0.29135192E-01 0.90319760E-01 0.40575960E+00
 0.28970342E-01 0.15347035E+00 0.37346020E+00 0.29943950E-01 0.67223147E-01 0.42077971E+00-0.28338604E-01 0.16366003E+00
 0.48385948E+00-0.26600495E-01 0.38365984E+00 0.35562989E+00 0.30545816E-01 0.30927515E-01 0.90755004E+00 0.45173154E-02
 0.95721948E+00 0.90539044E+00 0.61304057E-02 0.99999958E+00
    1    2    3    4    5    6    7    2
    8    9   10   11   12   13   14   15
   16   17   18   19    5   12   20   21
   22   23   24   23    9   25    6   19
   26   27   17   28   29   30   31   20
   29   32   29   20   33   34   28   35
    8   36   37   22   38   39   40   10
   41   42   43   44   45   46   47   46
   48   47   42   49   50   49   42   51
   52   31   30   38   36   53   54   55
   56    9   23   57   58   59   60   44
   51   42   46   61   62   63   44   43
   64   65   58   66   57   23   39   66
   22    1   53   36   57   67    9   55
   54   68   37   38   24    2   36    8
   37   36   38   69    2    7   38   22
   24   23   25   24   30   61   52   30
   29   70    6   12    4   46   45   61
   19    6    5   61   30   62   20   12
   14   12    6   13   20   14   33   31
   32   29   61   60   52   21    4   12
   32   21   20    6   26   13   26   19
   71   30   70   62   29   33   70   43
   40   63   65   72   73   72   49   74
   10    9   67   41   63   40   10   67
   41   74   73   72   74   75   73   51
   74   49   58   60   64   73   58   65
   73   59   58   76   77   78   76   79
   77   50   49   80   10   40   81   72
   65   82   65   47   82   40   43   83
   45   47   65   49   72   80   43   84
   83   80   72   82   79   76   55   55
   76   56   23   22   66   40   83   81
   36    2    1   39   38   53   66   85
   57   78   77   16   35   86   34   25
    9   11   61   64   60   43   42   84
   42   50   84   81   11   10    2   69
    3   87   88   89   78   16   15   51
   90   74   57   85   67   87   89   91
   39   92   66   54   56   93   65   64
   45   44   94   51   19   95   71   19
   18   95   54   93   96   39   53   97
   74   90   75   98   53    1   59   99
   60  100    5    4   56   76   93   64
   61   45    1    3  101   93  102   96
  103  104   88   63  105   44   51   94
   90   95   18  106   68   79   55   73
   75   59   21  107    4   52   60   99
   93   76  102   18    5  100   37  108
    8   95  109   71  110   11   81   32
  111   21    8  112    7   52  113   31
   41  114   63   31  115   32   21  111
  107   28   34   27    1  101   98  116
  117  118   76  119  102   76   78  119
   78   15  119   44  105   94  120  121
  122  123  116  124  121  125  126  127
   91  128  109  104  129   41   67  130
  131  123  132  133  134  135  133  135
  136  137  131  138  107  139    4  134
  137  140   66   92   85   80   82  141
  117  142  118   50   80  143  144  145
  146  147  148  149  148  144  150  151
  152  153  152  154  155  156  157  158
   81   83  159  145  160  161  162  151
  163  154  164  165   25   11  166   84
   50  167  162  156  168   24   25  169
  157  170  171   15   17   27  157  156
  172  156  162  173  174  120  175   63
  114  105   37   24  176  177  178  179
   83   84  180  181  177  182   98   97
   53  183  181  184  151  162  185  178
  186  187  160  188  189  190  174  191
   96  192   54   95  106  193  152  151
  194  154  152  195  164  154  196  142
  183  197   32  115  111   95  193  109
   71  109  198   82   47  199  188  136
  200   46   62  201  186  164  202   54
  192   68  170  190  203  117  116  204
  181  183  205  177  181  206  142  117
  204  178  177  207  183  142  208   39
   97   92  186  178  209   16  210   17
  164  186  211    4  139  100  170  157
  212   31  113  115   99  113   52   62
   70  213  193  106  214  116  123  215
   18  216  106  141  143   80   82  199
  141   67   85  130  148  147  217  119
   15  218  109  193  104   13  219   14
  123  131  220   70   33  221   35  128
   86  198  222   71   26   71  222   59
   75  223  121  120  224  116  118  124
   24  169  176  225  125  226   91  227
  128  228  214  229  125  225  126   33
   14  230  144  148  231  123  124  132
   87  103   88  122  121  126  125  121
  226  101    3  232  131  137  233   28
  234   35  131  132  138  190  170  235
  109  129  198   17  210   28  134  140
  135  214  106  236  229  214  237  137
  138  140   91   89  238    8  108  112
  120  122  239  174  190  235  144  146
  150  148  150  149   13   26  240   11
  110  166  145  161  146  163  151  153
  103  129  104  153  152  155  110   81
  159  137  134  241  145  144  242  162
  163  173  157  171  158  155  154  165
  193  214  228  156  158  168  172  156
  173  157  172  212  120  174  243  108
   37  176  120  239  175   41  130  114
  213  201   62  193  228  104  134  133
  244   15   27  218  161  160  189  136
  135  200  245  229  246  162  168  185
  118  142  197  246  229  247  177  179
  182   70  221  213   46  201   48  178
  187  179  181  182  184   88  104  228
  133  136  244  143  167   50  174  175
  191  160  145  248  151  185  194   33
  230  221  165  164  211  164  196  202
  183  184  197   83  180  159   48  199
   47  187  186  202  152  194  195  189
  188  200  218  249  250   84  167  180
  154  195  196  190  191  203   25  166
  169  171  170  203  204  116  215  181
  205  206  177  206  207  183  208  205
   27   34  249  178  207  209  136  188
  251  246  252  253  208  142  204   14
  219  230  186  209  211  188  160  251
  219   13  240  215  123  220   77  254
   16  147  255  217   91  127   87   89
   88  245  128  256  127  246  253  257
   90  258   75  218   27  249   18  100
  216   85   92  259  220  131  233  148
  217  231  228  229  245  121  224  226
  222  240   26  100  139  260  250   86
  261  228  245   88  233  137  241  232
  262  101   35  256  128  144  231  242
   59  263   99  249   34   86  241  134
  244   91  238  227  130   85  259   92
   97  264  250  249   86  124  118  265
  253  266  267  253  267  227  170  212
  235  145  242  248   97   98  268  238
   89  257  225  226  269  216  236  106
   98  101  270   90   94  271  174  235
  243  223  263   59  132  124  272   75
  258  223  122  126  273  138  132  274
  245  246  257  160  248  251  118  197
  265  140  138  275  135  140  276  244
  136  277   89  245  257  150  146  278
  149  150  279   86  128  280  158  171
  281  146  161  282   48  201  283  239
  122  284  257  253  227  168  158  285
  153  155  286  163  153  287   94  105
  288  136  251  277  280  267  261  155
  165  289  259   92  264  185  168  285
  212  172  290  110  159  291  111  292
  107  173  163  293  175  239  284  172
  173  293  128  227  280  166  110  291
  214  236  237  200  135  294  261   86
  280  107  292  139  124  265  272  182
  179  295  161  189  296  179  187  297
  194  185  298  264   97  268  184  182
  299  191  175  300   87  127  301  197
  184  302  258   90  271  218  303  119
  105  114  304  195  194  305  268   98
  270  227  267  280  257  227  238  189
  200  296  132  272  274  196  195  306
  199   48  307  270  101  262  138  274
  275  115  308  111  114  130  309   79
  254   77  204  215  310  229  237  247
   99  311  113  140  275  276  122  273
  284  113  312  115  203  191  313  263
  223  314  187  202  315  202  196  316
  208  204  317  158  281  285  215  220
  318   99  263  311  159  180  319  146
  282  278  246  247  252  150  278  279
  135  276  294  271   94  288  165  211
  320  176  169  321  143  141  322  169
  166  323  167  143  324  171  203  325
  180  167  326  287  153  286  220  233
  327  108  176  328  206  205  329  141
  199  330  205  208  331  100  260  216
  286  155  289  207  206  332  250  303
  218  130  259  333  209  207  334  163
  287  293  149  279  335  217  255  336
  185  285  298  211  209  320  112  108
  337  282  161  296  290  172  293  233
  241  338  241  244  339  175  284  300
  253  252  266  231  217  340  265  197
  341   87  342  103  179  297  295  119
  343  102  288  105  304  194  298  305
  184  299  302  182  295  299  281  171
  325  291  159  319  192  344   68  242
  231  345  195  305  306  292  111  308
  289  165  320  129  346  198  191  300
  313  316  196  306  297  187  315  261
  267  347  200  294  348  317  204  310
  304  114  309  215  318  310  272  265
  349  248  242  350  130  333  309   68
  351   79  197  302  341  259  264  352
  103  353  129  296  200  348  166  291
  354  318  220  327  102  355   96  244
  277  356  169  323  321  180  326  319
  203  313  325  202  316  315  273  269
  357  327  233  338  176  321  328  143
  322  324  308  115  312  167  324  326
  338  241  339  322  141  330  251  248
  358  223  258  359  222  198  346  108
  328  337  205  331  329  206  329  332
  264  268  360  274  272  361  208  317
  331  207  332  334  330  199  307  217
  336  340  209  334  320  323  166  354
  284  273  357  349  265  341  275  274
  362  270  262  363  267  266  347  235
  212  364  311  312  113  268  270  365
  339  244  356  333  259  352  212  290
  364  258  271  366  277  251  358  276
  275  367  231  340  345  243  235  368
  285  281  369  213  221  370  294  276
  371  278  282  372  216  373  236  139
  292  260  279  278  374  201  213  375
  298  285  376  242  345  350  282  296
  377  271  288  378  287  286  379  307
   48  283  342   87  301  221  230  380
  286  289  381  240  222  382  352  264
  360  335  279  383  250  261  384  300
  284  385  103  342  353  292  308  386
  314  223  359  230  219  387  272  349
  388  274  361  362  293  287  389  290
  293  390  219  240  391  248  350  358
   28  210  234  360  268  365  254  210
   16   96  392  192  359  258  366  281
  325  393  305  298  394  275  362  367
  365  270  363  361  272  388  357  269
  395  369  281  393  276  367  371  295
  297  396  288  304  397  284  357  385
  291  319  398  282  377  372  285  369
  376  299  295  399  348  294  400  302
  299  401  297  315  402  313  300  403
  278  372  374  344  192  404  306  305
  405  366  271  378  310  318  406  356
  277  407  346  129  353  354  291  398
  309  333  408  296  348  409  317  310
  410  236  411  237  216  260  373  279
  374  383  294  371  400  341  302  401
  235  364  368  379  286  381  412  335
  383  298  376  394  277  358  407  316
  306  413  318  327  414  289  320  415
  327  338  416  304  309  417  287  379
  389  263  418  311  338  339  419  303
  250  420  283  201  375  222  346  382
  378  288  397  377  296  409  349  341
  421  303  343  119  300  385  403  390
  293  389  263  314  418  364  290  422
  333  352  423  339  356  419  256   35
  234  290  390  422  315  316  424  213
  370  375  254   79  351  297  402  396
  319  326  425  381  289  415  325  313
  426  370  221  380  331  317  427  321
  323  428  305  394  405  328  321  429
  355  392   96  237  430  247  295  396
  399  324  322  431  340  336  432  326
  324  433  102  343  355  337  328  434
  322  330  435  323  354  436  299  399
  401  329  331  437  385  357  438  332
  329  439  373  411  236  330  307  440
  310  406  410  256  441  127  380  230
  387  388  349  442  362  361  443  318
  414  406  345  340  444  240  382  391
  306  405  413  397  304  445  387  219
  391  357  395  438  352  360  446  320
  334  447  292  448  260  393  325  426
  309  408  417  408  333  423  414  327
  416  416  338  419  361  388  443  402
  315  424  334  332  449  301  127  441
  348  400  450  398  319  425  313  403
  426  341  401  421  367  362  451  314
  359  452  445  304  417  409  348  450
  365  363  453  360  365  454  371  367
  455  350  345  456  317  410  427  369
  393  457  344  351   68  247  458  252
  349  421  442  359  366  459  336  460
  432  372  377  461  376  369  462  384
  420  250  356  407  463  358  350  464
  374  372  465  400  371  455  423  352
  446  419  356  463  428  323  436  412
  383  466  316  413  467  312  468  308
  260  469  373  321  428  429  237  411
  430  383  374  470  377  409  461  311
  471  312  326  433  425  424  316  467
  366  378  472  328  429  434  340  432
  444  324  431  433  431  322  435  415
  320  447  394  376  473  362  443  451
  307  283  474  252  475  266  261  347
  384  331  427  437  379  381  476  435
  330  440  407  358  464  389  379  477
  329  437  439  452  359  459  446  360
  454  354  398  478  393  426  457  367
  451  455  369  457  462  345  444  456
  314  479  418  378  397  480  364  422
  481  192  392  404  454  365  453  332
  439  449  405  394  473  390  389  482
  372  461  465  334  449  447  396  402
  483  443  388  484  388  442  484  368
  364  485  436  354  478  459  366  472
  403  385  486  374  465  470  350  456
  464  440  307  474  376  462  473  466
  383  470  385  438  486  418  471  311
  487  368  485  395  488  489  422  390
  490  414  416  491  412  466  492  416
  419  493  399  396  494  430  458  247
  381  415  495  402  424  483  379  476
  477  438  395  489  450  400  496  448
  292  386  401  399  497  406  414  498
  408  423  499  463  407  500  413  405
  501  397  445  502  410  406  498  417
  408  499  400  455  496  472  378  480
  346  353  503  252  458  475  314  452
  479  432  460  504  344  404  505  407
  464  500  421  401  506  398  425  507
  468  312  508  389  477  509  476  381
  495  409  450  510  419  463  511  342
  301  512  283  375  513  488  487  514
  448  469  260  461  409  510  312  471
  508  386  308  468  426  403  515  266
  516  347  390  482  490  482  389  509
  442  421  517  460  518  504  423  446
  519  427  410  520  491  416  493  445
  417  521  382  346  522  396  483  494
  405  473  501  441  523  301  451  443
  524  364  481  485  480  397  502  266
  475  516  493  419  511  353  342  525
  444  432  526  481  422  527  478  398
  507  457  426  528  487  485  514  489
  488  529  399  494  497  455  451  530
  443  484  524  467  413  531  428  436
  532  425  433  533  375  370  534  489
  535  438  437  427  536  462  457  537
  370  380  534  479  471  418  429  538
  434  446  454  539  474  283  513  415
  447  540  429  428  541  456  444  542
  401  497  506  431  435  543  403  486
  515  484  442  544  254  351  545  454
  453  546  424  467  547  433  431  548
  465  461  549  499  423  519  486  438
  535  355  343  550  373  551  411  380
  387  552  410  498  520  391  382  553
  351  344  554  432  504  526  387  391
  555  421  506  517  210  254  556  466
  470  557  463  500  558  417  499  521
  435  440  559  422  490  527  502  445
  521  492  466  557  452  459  560  473
  462  561  413  501  531  414  491  562
  450  496  563  470  465  564  439  437
  565  495  415  540  436  478  532  459
  472  566  483  424  547  511  463  558
  451  524  530  477  476  567  469  448
  568  498  414  562  464  456  569  488
  514  529  507  425  533  510  450  563
  442  517  544  444  526  542  519  446
  539  449  439  570  496  455  571  427
  520  536  468  508  572  461  510  549
  500  464  569  528  426  515  441  256
  573  509  477  567  346  503  522  469
  551  373  457  528  537  447  449  574
  472  480  575  462  537  561  455  530
  571  342  512  525  539  454  546  479
  452  560  541  428  532  429  541  538
  433  548  533  468  576  386  504  518
  577  411  578  430  503  353  525  476
  495  579  471  479  580  431  543  548
  465  549  564  437  536  565  467  531
  547  482  509  581  501  473  582  543
  435  559  513  375  534  524  484  583
  557  470  564  558  500  569  440  474
  584  459  566  560  481  527  585  490
  482  586  485  481  585  491  493  587
  494  483  588  492  557  589  567  476
  579  514  485  590  484  544  583  512
  301  523  480  502  591  439  565  570
  473  561  582  386  592  448  456  542
  593  540  447  574  566  472  575  382
  522  553  526  504  594  493  511  595
  497  494  596  380  552  534  430  597
  458  569  456  593  552  387  555  551
  578  411  529  514  590  555  391  553
  489  529  598  499  519  599  559  440
  584  551  469  600  478  507  601  563
  496  602  506  497  603  509  567  604
  521  499  605  483  547  588  562  491
  587  303  606  343  530  524  607  496
  571  602  458  608  475  517  506  609
  586  482  581  575  480  591  542  526
  610  590  485  585  511  558  611  581
  509  604  520  498  612  504  577  594
  420  606  303  532  478  613  531  501
  614  535  489  615  498  562  616  495
  540  617  510  563  618  549  510  618
  587  493  595  507  533  619  502  521
  620  571  530  607  494  588  596  544
  517  621  527  490  622  515  486  623
  558  569  624  519  539  625  486  535
  623  501  582  614  524  583  607  529
  590  598  561  537  626  499  599  605
  536  520  627  579  495  617  474  513
  628  537  528  629  497  596  603  449
  570  630  526  594  610  578  597  430
  557  564  631  533  548  619  528  515
  632  595  511  611  539  546  633  542
  610  593  506  603  609  448  592  568
  574  449  630  355  634  392  565  536
  627  564  549  635  479  560  636  471
  637  508  498  616  612  490  586  622
  468  572  576  591  502  620  489  598
  615  582  561  626  478  601  613  592
  386  576  589  557  638  599  519  625
  541  532  639  583  544  640  517  609
  621  601  507  619  548  543  641  547
  531  642  569  593  643  384  644  420
  543  559  641  563  602  645  584  474
  628  521  605  620  568  600  469  611
  558  624  567  579  646  604  567  646
  234  573  256  566  575  647  520  612
  627  624  569  643  626  537  629  458
  597  608  618  563  645  557  631  638
  540  574  648  544  621  640  535  615
  649  560  566  650  625  539  633  602
  571  651  545  556  254  580  479  636
  585  527  652  549  618  635  629  528
  632  562  587  653  571  607  651  570
  565  654  590  585  655  623  535  649
  525  512  656  564  635  631  575  591
  657  531  614  642  508  637  572  515
  623  632  532  613  639  637  471  580
  598  590  655  616  562  653  513  534
  658  588  547  659  586  581  660  592
  661  568  619  548  641  581  604  660
  347  644  384  594  577  662  617  540
  648  607  583  663  503  525  664  522
  503  665  587  595  666  579  617  646
  589  638  667  527  622  652  614  582
  668  565  627  654  596  588  669  605
  599  670  582  626  668  576  572  671
  583  640  663  559  584  672  603  596
  669  647  575  657  610  594  673  551
  674  578  615  598  675  636  560  650
  628  513  658  577  676  662  553  522
  677  547  642  659  392  678  404  609
  603  679  641  559  672  576  680  592
  599  625  670  604  646  681  566  647
  650  634  355  550  630  570  654  475
  682  516  210  556  234  600  568  661
  595  611  683  645  602  684  653  587
  666  620  605  670  593  610  685  534
  552  686  552  555  687  516  688  347
  555  553  689  637  580  690  621  609
  691  598  655  675  591  620  692  655
  585  652  602  651  684  600  674  551
  612  616  693  574  630  694  660  604
  681  648  574  694  638  631  695  594
  662  673  611  624  696  657  591  692
  613  601  697  588  659  669  622  586
  698  651  607  699  631  635  695  643
  593  700  601  619  701  616  653  702
  666  595  683  607  663  699  625  633
  703  680  661  592  618  645  704  679
  603  669  640  621  705  627  612  706
  626  629  707  624  643  708  635  618
  704  503  664  665  586  660  698  609
  679  691  634  678  392  608  682  475
  512  523  656  610  673  685  667  638
  709  578  674  597  629  632  710  619
  641  711  646  617  712  649  615  713
  420  644  606  584  628  714  616  702
  693  658  534  686  617  648  712  642
  614  715  522  665  677  580  636  690
  550  343  606  683  611  696  639  613
  716  654  627  717  621  691  705  668
  626  718  593  685  700  545  351  554
  614  668  715  645  684  704  663  640
  719  638  695  709  615  675  713  623
  649  720  697  601  701  612  693  706
  632  623  720  553  677  689  696  624
  708  637  721  572  662  676  722  441
  723  523  687  555  689  552  687  686
  620  670  724  670  625  725  653  666
  726  692  620  727  672  584  714  703
  633  728  652  622  729  701  619  711
  695  635  730  644  347  688  525  731
  664  647  657  732  708  643  700  675
  655  733  684  651  734  718  626  707
  716  613  697  627  706  717  640  705
  719  404  678  735  707  629  710  625
  703  725  636  650  736  657  692  732
  651  699  734  655  652  733  702  653
  726  554  344  505  635  704  730  681
  646  737  597  674  738  671  680  576
  659  642  739  673  662  740  666  683
  726  660  681  741  699  663  742  620
  724  727  628  658  743  676  744  722
  622  698  729  630  654  745  667  709
  746  572  721  671  679  669  747  710
  632  720  404  735  505  573  723  441
  650  647  748  525  656  731  649  713
  749  641  672  750  516  682  751  663
  719  742  646  712  737  691  679  752
  669  659  738  685  673  753  694  630
  731  713  675  754  690  721  637  648
  694  731  720  649  749  690  636  736
  675  733  754  662  722  740  711  641
  750  642  715  739  597  739  608  688
  516  751  654  717  745  668  718  751
  714  628  743  709  695  755  733  652
  729  738  747  669  704  684  756  674
  600  757  705  691  758  712  648  731
  683  696  759  234  741  573  695  730
  755  693  702  760  715  668  751  659
  739  738  661  757  600  673  740  753
  698  660  556  684  734  756  634  550
  710  234  556  741  724  670  761  679
  747  752  680  671  762  647  732  748
  741  681  723  670  725  761  702  726
  763  706  693  764  734  699  765  696
  708  766  703  728  767  736  650  748
  681  737  723  523  737  656  699  742
  765  697  701  768  660  741  556  700
  685  769  719  705  762  717  706  770
  630  745  731  726  683  771  691  752
  758  751  682  715  680  758  661  692
  727  772  725  703  767  746  709  773
  701  711  774  732  692  772  723  573
  741  716  697  768  658  686  771  722
  744  775  718  707  606  730  704  772
  707  710  550  760  702  763  709  755
  773  708  700  750  606  644  718  685
  753  769  735  678  749  715  608  739
  705  758  762  759  696  766  683  759
  771  677  665  770  693  760  764  743
  658  771  727  724  772  554  729  545
  745  717  770  672  714  766  719  721
  742  713  754  735  707  550  606  689
  677  764  710  720  634  704  756  772
  755  730  776  751  718  688  770  706
  764  665  664  745  749  713  735  736
  777  690  740  722  768  757  738  674
  729  698  545  754  733  505  720  749
  678  744  778  775  644  688  718  737
  712  656  687  689  760  763  726  771
  757  661  752  711  750  769  733  729
  554  762  721  719  738  739  597  742
  721  777  777  765  742  753  740  774
  686  687  763  768  701  774  698  556
  545  682  608  715  766  708  750  750
  672  766  752  747  757  756  734  748
  777  736  765  776  730  772  762  758
  680  724  761  776  712  731  656  734
  765  748  774  711  769  722  775  768
  750  700  769  738  757  747  678  634
  720  737  523  723  721  690  777  714
  743  759  661  758  752  761  725  773
  716  768  775  735  754  505  721  762
  671  769  753  774  772  724  776  774
  740  768  773  755  761  554  505  733
  725  746  773  736  748  765  755  776
  761  748  732  756  716  775  778  764
  677  770  771  686  763  664  731  745
  771  759  743  689  764  760  760  763
  687  725  767  746  772  756  732  759
  766  714  745  770  665  224  120  779
  126  225  269  120  243  779  269  226
  780  126  269  273  226  224  780  224
  779  780  269  780  395  779  243  368
  780  779  487  395  780  488  779  368
  487  780  487  488
    2
    2
    2
    2
    2
    2
    2
    2
    2
    2
    2
    2
    2
    2
    2
    2
    2
    2
    2
    2
    2
    2
    2
    2
    2
    2
    2
    2
    2
    2
    2
    2
    2
    2
    2
    2
    2
    2
    2
    2
    2
    2
    2
    2
    2
    2
    2
    2
    2
    2
    2
    2
    2
    2
    2
    2
    2
    2
    2
    2
    2
    2
    2
    2
    2
    2
    2
    2
    2
    2
    2
    2
    2
    2
    2
    2
    2
    2
    2
    2
    2
    2
    2
    2
    2
    2
    2
    2
    2
    2
    2
    2
    2
    2
    2
    2
    2
    2
    2
    2
    2
    2
    2
    2
    2
    2
    2
    2
    2
    2
    2
    2
    2
    2
    2
    2
    2
    2
    2
    2
    2
    2
    2
    2
    2
    2
    2
    2
    2
    2
    2
    2
    2
    2
    2
    2
    2
    2
    2
    2
    2
    2
    2
    2
    2
    2
    2
    2
    2
    2
    2
    2
    2
    2
    2
    2
    2
    2
    2
    2
    2
    2
    2
    2
    2
    2
    2
    2
    2
    2
    2
    2
    2
    2
    2
    2
    2
    2
    2
    2
    2
    2
    2
    2
    2
    2
    2
    2
    2
    2
    2
    2
    2
    2
    2
    2
    2
    2
    2
    2
    2
    2
    2
    2
    2
    2
    2
    2
    2
    2
    2
    2
    2
    2
    2
    2
    2
    2
    2
    2
    2
    2
    2
    2
    2
    2
    2
    2
    2
    2
    2
    2
    2
    2
    2
    2
    2
    2
    2
    2
    2
    2
    2
    2
    2
    2
    2
    2
    2
    2
    2
    2
    2
    2
    2
    2
    2
    2
    2
    2
    2
    2
    2
    2
    2
    2
    2
    2
    2
    2
    2
    2
    2
    2
    2
    2
    2
    2
    2
    2
    2
    2
    2
    2
    2
    2
    2
    2
    2
    2
    2
    2
    2
    2
    2
    2
    2
    2
    2
    2
    2
    2
    2
    2
    2
    2
    2
    2
    2
    2
    2
    2
    2
    2
    2
    2
    2
    2
    2
    2
    2
    2
    2
    2
    2
    2
    2
    2
    2
    2
    2
    2
    2
    2
    2
    2
    2
    2
    2
    2
    2
    2
    2
    2
    2
    2
    2
    2
    2
    2
    2
    2
    2
    2
    2
    2
    2
    2
    2
    2
    2
    2
    2
    2
    2
    2
    2
    2
    2
    2
    2
    2
    2
    2
    2
    2
    2
    2
    2
    2
    2
    2
    2
    2
    2
    2
    2
    2
    2
    2
    2
    2
    2
    2
    2
    2
    2
    2
    2
    2
    2
    2
    2
    2
    2
    2
    2
    2
    2
    2
    2
    2
    2
    2
    2
    2
    2
    2
    2
    2
    2
    2
    2
    2
    2
    2
    2
    2
    2
    2
    2
    2
    2
    2
    2
    2
    2
    2
    2
    2
    2
    2
    2
    2
    2
    2
    2
    2
    2
    2
    2
    2
    2
    2
    2
    2
    2
    2
    2
    2
    2
    2
    2
    2
    2
    2
    2
    2
    2
    2
    2
    2
    2
    2
    2
    2
    2
    2
    2
    2
    2
    2
    2
    2
    2
    2
    2
    2
    2
    2
    2
    2
    2
    2
    2
    2
    2
    2
    2
    2
    2
    2
    2
    2
    2
    2
    2
    2
    2
    2
    2
    2
    2
    2
    2
    2
    2
    2
    2
    2
    2
    2
    2
    2
    2
    2
    2
    2
    2
    2
    2
    2
    2
    2
    2
    2
    2
    2
    2
    2
    2
    2
    2
    2
    2
    2
    2
    2
    2
    2
    2
    2
    2
    2
    2
    2
    2
    2
    2
    2
    2
    2
    2
    2
    2
    2
    2
    2
    2
    2
    2
    2
    2
    2
    2
    2
    2
    2
    2
    2
    2
    2
    2
    2
    2
    2
    2
    2
    2
    2
    2
    2
    2
    2
    2
    2
    2
    2
    2
    2
    2
    2
    2
    2
    2
    2
    2
    2
    2
    2
    2
    2
    2
    2
    2
    2
    2
    2
    2
    2
    2
    2
    2
    2
    2
    2
    2
    2
    2
    2
    2
    2
    2
    2
    2
    2
    2
    2
    2
    2
    2
    2
    2
    2
    2
    2
    2
    2
    2
    2
    2
    2
    2
    2
    2
    2
    2
    2
    2
    2
    2
    2
    2
    2
    2
    2
    2
    2
    2
    2
    2
    2
    2
    2
    2
    2
    2
    2
    2
    2
    2
    2
    2
    2
    2
    2
    2
    2
    2
    2
    2
    2
    2
    2
    2
    2
    2
    2
    2
    2
    2
    2
    2
    2
    2
    2
    2
    2
    2
    2
    2
    2
    2
    2
    2
    2
    2
    2
    2
    2
    2
    2
    2
    2
    2
    2
    2
    2
    2
    2
    2
    2
    2
    2
    2
    2
    2
    2
    2
    2
    2
    2
    2
    2
    2
    2
    2
    2
    2
    2
    2
    2
    2
    2
    2
    2
    2
    2
    2
    2
    2
    2
    2
    2
    2
    2
    2
    2
    2
    2
    2
    2
    2
    2
    2
    2
    2
    2
    2
    2
