  couleurs 
  4 
   0   .7   .8   1.  
   1   .8   .9   1.  
   2   0.   1.   1.  
   3   0.   0.   1.  
  2 
  0 
    4  0. 0. 0. 
  128  1. 1. 1. 
  1 
  129 0. 0. 0. 
  255 1. 0. 0. 
  domaine 
  0.0174463745  0.95607996 -0.0323702246  0.0321611203  0.0190627836
  1.01850033
  triangles 
 780
   0.620132E-01  -.176112E-01  0.685663E-01
   0.348927E-01  0.000000E+00  0.606834E-01
   0.463725E-01  -.185815E-01  0.345387E-01
   0.371029E+00  -.149205E-01  0.600170E+00
   0.381780E+00  -.137622E-01  0.629160E+00
   0.356990E+00  0.000000E+00  0.620850E+00
   0.450570E-01  0.191480E-01  0.270995E-01
   0.637292E-01  0.189001E-01  0.599908E-01
   0.115000E+00  0.000000E+00  0.200000E+00
   0.132450E+00  0.000000E+00  0.230340E+00
   0.139360E+00  0.171786E-01  0.200000E+00
   0.340230E+00  0.000000E+00  0.591710E+00
   0.370519E+00  0.157802E-01  0.590000E+00
   0.353300E+00  0.159661E-01  0.560190E+00
   0.546250E+00  0.000000E+00  0.950000E+00
   0.574490E+00  0.129346E-01  0.950000E+00
   0.557480E+00  0.130098E-01  0.921910E+00
   0.402550E+00  -.150256E-01  0.650000E+00
   0.373750E+00  0.000000E+00  0.650000E+00
   0.322789E+00  0.000000E+00  0.561370E+00
   0.351140E+00  -.147933E-01  0.569180E+00
   0.848565E-01  0.000000E+00  0.147580E+00
   0.999286E-01  0.000000E+00  0.173790E+00
   0.994329E-01  0.176787E-01  0.129880E+00
   0.125530E+00  0.180881E-01  0.168800E+00
   0.387040E+00  0.154859E-01  0.619900E+00
   0.531870E+00  0.000000E+00  0.925000E+00
   0.552000E+00  0.140808E-01  0.900000E+00
   0.305340E+00  0.000000E+00  0.531030E+00
   0.287890E+00  0.000000E+00  0.500680E+00
   0.316920E+00  -.154494E-01  0.506870E+00
   0.334180E+00  -.151241E-01  0.538230E+00
   0.335781E+00  0.161475E-01  0.529950E+00
   0.532300E+00  0.111489E-01  0.900000E+00
   0.539520E+00  0.149216E-01  0.869070E+00
   0.523391E-01  0.000000E+00  0.910245E-01
   0.816016E-01  0.185638E-01  0.924462E-01
   0.697855E-01  0.000000E+00  0.121370E+00
   0.952376E-01  -.170901E-01  0.127810E+00
   0.149890E+00  0.000000E+00  0.260680E+00
   0.160360E+00  -.171388E-01  0.234830E+00
   0.184790E+00  0.000000E+00  0.321370E+00
   0.167340E+00  0.000000E+00  0.291030E+00
   0.195470E+00  -.165203E-01  0.298140E+00
   0.265490E+00  0.129523E-01  0.440000E+00
   0.284160E+00  0.167538E-01  0.440000E+00
   0.272070E+00  0.177871E-01  0.408980E+00
   0.307820E+00  0.216174E-01  0.411000E+00
   0.202230E+00  0.000000E+00  0.351710E+00
   0.214040E+00  0.173180E-01  0.320540E+00
   0.212540E+00  -.161884E-01  0.329200E+00
   0.299140E+00  -.157536E-01  0.474860E+00
   0.789983E-01  -.173324E-01  0.989472E-01
   0.586630E+00  0.000000E+00  0.100830E+01
   0.581870E+00  0.827898E-02  0.100000E+01
   0.575000E+00  0.000000E+00  0.100000E+01
   0.121580E+00  -.159495E-01  0.179890E+00
   0.259190E+00  -.148331E-01  0.417710E+00
   0.282100E+00  -.195142E-01  0.403410E+00
   0.281051E+00  -.162858E-01  0.440000E+00
   0.270450E+00  0.000000E+00  0.470340E+00
   0.300980E+00  0.165281E-01  0.469630E+00
   0.178170E+00  -.168401E-01  0.266810E+00
   0.253000E+00  0.000000E+00  0.440000E+00
   0.236340E+00  0.000000E+00  0.411030E+00
   0.110099E+00  -.167383E-01  0.155210E+00
   0.142200E+00  -.176787E-01  0.200000E+00
   0.613610E+00  0.138197E-01  0.100000E+01
   0.174464E-01  0.000000E+00  0.303422E-01
   0.318250E+00  0.163312E-01  0.499660E+00
   0.400420E+00  0.147092E-01  0.650000E+00
   0.219680E+00  0.000000E+00  0.382050E+00
   0.246160E+00  -.155445E-01  0.390241E+00
   0.229530E+00  -.158676E-01  0.360000E+00
   0.264220E+00  -.200154E-01  0.368590E+00
   0.569250E+00  0.000000E+00  0.990000E+00
   0.581389E+00  0.124721E-01  0.966910E+00
   0.557750E+00  0.000000E+00  0.970000E+00
   0.600700E+00  0.130696E-01  0.990000E+00
   0.231550E+00  0.171521E-01  0.350680E+00
   0.159950E+00  0.175924E-01  0.229790E+00
   0.249530E+00  0.171499E-01  0.379770E+00
   0.178770E+00  0.176455E-01  0.259900E+00
   0.196491E+00  0.174973E-01  0.290210E+00
   0.141761E+00  -.204092E-01  0.169700E+00
   0.504580E+00  0.000000E+00  0.877540E+00
   0.497910E+00  0.176986E-01  0.762310E+00
   0.458770E+00  0.141693E-01  0.750110E+00
   0.472060E+00  0.133174E-01  0.780780E+00
   0.248101E+00  -.204955E-01  0.336760E+00
   0.491670E+00  0.144149E-01  0.800000E+00
   0.129210E+00  -.214105E-01  0.137530E+00
   0.581870E+00  -.828009E-02  0.100000E+01
   0.232000E+00  -.210255E-01  0.304230E+00
   0.391200E+00  0.000000E+00  0.680340E+00
   0.616470E+00  -.141162E-01  0.100000E+01
   0.113240E+00  -.218475E-01  0.106720E+00
   0.964059E-01  -.221429E-01  0.763275E-01
   0.315780E+00  -.205840E-01  0.440000E+00
   0.407940E+00  -.178292E-01  0.623170E+00
   0.804985E-01  -.225158E-01  0.464223E-01
   0.599390E+00  -.129036E-01  0.990000E+00
   0.479530E+00  0.182098E-01  0.726030E+00
   0.441220E+00  0.144658E-01  0.718550E+00
   0.215480E+00  -.215875E-01  0.270550E+00
   0.421720E+00  -.151650E-01  0.679290E+00
   0.382660E+00  -.185007E-01  0.574270E+00
   0.101410E+00  0.238855E-01  0.605960E-01
   0.421960E+00  0.146561E-01  0.685390E+00
   0.171140E+00  0.216860E-01  0.200000E+00
   0.370660E+00  -.192453E-01  0.544620E+00
   0.838652E-01  0.241952E-01  0.289405E-01
   0.336150E+00  -.202986E-01  0.475490E+00
   0.197300E+00  -.220644E-01  0.235460E+00
   0.354320E+00  -.198240E-01  0.510660E+00
   0.790690E+00  0.000000E+00  0.406260E+00
   0.800090E+00  0.000000E+00  0.440000E+00
   0.773650E+00  -.328150E-02  0.440000E+00
   0.577200E+00  -.132875E-01  0.950000E+00
   0.942170E+00  0.000000E+00  0.950000E+00
   0.949120E+00  0.000000E+00  0.975000E+00
   0.924470E+00  -.306576E-02  0.975510E+00
   0.781240E+00  0.000000E+00  0.372351E+00
   0.760470E+00  -.352047E-02  0.399640E+00
   0.956080E+00  0.000000E+00  0.100000E+01
   0.930740E+00  -.313546E-02  0.100000E+01
   0.528830E+00  0.181080E-01  0.800000E+00
   0.511270E+00  0.137909E-01  0.838760E+00
   0.459130E+00  0.184687E-01  0.691140E+00
   0.176890E+00  -.223277E-01  0.200000E+00
   0.771750E+00  0.000000E+00  0.338300E+00
   0.749070E+00  -.367094E-02  0.363120E+00
   0.746140E+00  0.000000E+00  0.246500E+00
   0.752620E+00  0.000000E+00  0.269760E+00
   0.720780E+00  -.368422E-02  0.262140E+00
   0.739660E+00  0.000000E+00  0.223250E+00
   0.762200E+00  0.000000E+00  0.304100E+00
   0.738960E+00  -.373843E-02  0.328870E+00
   0.400810E+00  -.191679E-01  0.591720E+00
   0.729080E+00  -.380703E-02  0.295470E+00
   0.267980E+00  0.217811E-01  0.348250E+00
   0.807061E+00  0.000000E+00  0.465040E+00
   0.250679E+00  0.219427E-01  0.319350E+00
   0.704390E+00  0.000000E+00  0.966128E-01
   0.713910E+00  0.000000E+00  0.130830E+00
   0.680900E+00  -.377273E-02  0.121640E+00
   0.686250E+00  0.000000E+00  0.312661E-01
   0.694920E+00  0.000000E+00  0.625321E-01
   0.661291E+00  -.377937E-02  0.512427E-01
   0.671160E+00  -.379817E-02  0.873458E-01
   0.881510E+00  0.000000E+00  0.732250E+00
   0.873860E+00  0.000000E+00  0.704830E+00
   0.846930E+00  0.413672E-02  0.728209E+00
   0.866220E+00  0.000000E+00  0.677420E+00
   0.838610E+00  0.419204E-02  0.700010E+00
   0.900400E+00  0.000000E+00  0.800000E+00
   0.909570E+00  0.000000E+00  0.832930E+00
   0.875360E+00  -.391987E-02  0.823810E+00
   0.195480E+00  0.223078E-01  0.229070E+00
   0.723480E+00  0.000000E+00  0.165200E+00
   0.689920E+00  -.393094E-02  0.158621E+00
   0.890950E+00  0.000000E+00  0.766110E+00
   0.855770E+00  0.417434E-02  0.761020E+00
   0.858570E+00  0.000000E+00  0.650000E+00
   0.829960E+00  0.427391E-02  0.671390E+00
   0.165580E+00  0.230623E-01  0.171780E+00
   0.233190E+00  0.221639E-01  0.289180E+00
   0.867760E+00  -.403936E-02  0.800000E+00
   0.141210E+00  0.232460E-01  0.131480E+00
   0.918740E+00  0.000000E+00  0.865850E+00
   0.884920E+00  -.398073E-02  0.860010E+00
   0.872669E+00  0.426285E-02  0.824270E+00
   0.865480E+00  0.431596E-02  0.800000E+00
   0.935210E+00  0.000000E+00  0.925000E+00
   0.912040E+00  -.372294E-02  0.950000E+00
   0.119750E+00  0.235093E-01  0.944277E-01
   0.830380E+00  0.000000E+00  0.548840E+00
   0.839770E+00  0.000000E+00  0.582570E+00
   0.807600E+00  -.366762E-02  0.573390E+00
   0.215400E+00  0.223609E-01  0.258910E+00
   0.821000E+00  0.000000E+00  0.515110E+00
   0.797950E+00  -.372405E-02  0.540300E+00
   0.814030E+00  0.000000E+00  0.490070E+00
   0.789280E+00  -.378379E-02  0.510851E+00
   0.855970E+00  -.435247E-02  0.766940E+00
   0.849170E+00  0.000000E+00  0.616290E+00
   0.816670E+00  -.379375E-02  0.609630E+00
   0.733180E+00  0.000000E+00  0.200000E+00
   0.697720E+00  -.439230E-02  0.200000E+00
   0.928250E+00  0.000000E+00  0.900000E+00
   0.902910E+00  -.391766E-02  0.922920E+00
   0.621140E+00  0.000000E+00  0.101380E+01
   0.408911E+00  0.000000E+00  0.711140E+00
   0.845920E+00  -.454719E-02  0.736660E+00
   0.837440E+00  -.463680E-02  0.708910E+00
   0.829460E+00  -.464897E-02  0.680620E+00
   0.778140E+00  -.409468E-02  0.479860E+00
   0.433031E+00  0.185815E-01  0.650000E+00
   0.286820E+00  0.218431E-01  0.375690E+00
   0.700750E+00  -.498199E-02  0.228090E+00
   0.322040E+00  0.211660E-01  0.440000E+00
   0.824400E+00  -.422523E-02  0.650000E+00
   0.893330E+00  -.430821E-02  0.900000E+00
   0.765320E+00  0.430711E-02  0.440000E+00
   0.785970E+00  0.421860E-02  0.511660E+00
   0.794200E+00  0.421860E-02  0.541270E+00
   0.803430E+00  0.422302E-02  0.574630E+00
   0.777870E+00  0.423851E-02  0.483091E+00
   0.813150E+00  0.425842E-02  0.610600E+00
   0.591690E+00  0.175659E-01  0.900000E+00
   0.823840E+00  0.429383E-02  0.650000E+00
   0.882590E+00  0.428055E-02  0.860520E+00
   0.338410E+00  0.209182E-01  0.468700E+00
   0.440450E+00  -.151285E-01  0.709720E+00
   0.754860E+00  0.424736E-02  0.400660E+00
   0.437380E+00  -.189698E-01  0.650000E+00
   0.658750E+00  0.424294E-02  0.555952E-01
   0.550040E+00  -.117806E-01  0.923240E+00
   0.390560E+00  0.202189E-01  0.558559E+00
   0.745040E+00  0.421417E-02  0.364480E+00
   0.355360E+00  0.206726E-01  0.498260E+00
   0.423660E+00  0.193051E-01  0.623760E+00
   0.299480E+00  -.228145E-01  0.377350E+00
   0.924250E+00  0.308567E-02  0.975350E+00
   0.932510E+00  0.000000E+00  0.100310E+01
   0.930740E+00  0.313656E-02  0.100000E+01
   0.478750E+00  0.000000E+00  0.832620E+00
   0.426890E+00  0.000000E+00  0.742410E+00
   0.458290E+00  -.148829E-01  0.741150E+00
   0.373060E+00  0.204557E-01  0.528410E+00
   0.667771E+00  0.425621E-02  0.884854E-01
   0.709760E-01  -.234606E-01  0.190628E-01
   0.735390E+00  0.422302E-02  0.330150E+00
   0.582160E+00  0.182894E-01  0.870450E+00
   0.893070E+00  0.433808E-02  0.900000E+00
   0.459360E+00  -.192188E-01  0.677990E+00
   0.478530E+00  -.190650E-01  0.708790E+00
   0.473250E+00  0.113724E-01  0.800000E+00
   0.915130E+00  -.342311E-02  0.953150E+00
   0.407740E+00  0.199269E-01  0.589190E+00
   0.726150E+00  0.420753E-02  0.296550E+00
   0.677099E+00  0.428276E-02  0.122780E+00
   0.906800E+00  0.435579E-02  0.950000E+00
   0.718240E+00  0.402609E-02  0.262980E+00
   0.443440E+00  0.000000E+00  0.771210E+00
   0.474910E+00  -.144802E-01  0.772480E+00
   0.496080E+00  -.186711E-01  0.741800E+00
   0.686790E+00  0.434693E-02  0.159520E+00
   0.517500E+00  0.000000E+00  0.900000E+00
   0.549470E+00  -.137677E-01  0.900000E+00
   0.697341E+00  0.443987E-02  0.200000E+00
   0.512380E+00  -.182850E-01  0.772850E+00
   0.491940E+00  -.144525E-01  0.800000E+00
   0.607670E+00  0.162471E-01  0.950000E+00
   0.649580E+00  0.426064E-02  0.231176E-01
   0.551870E+00  0.180792E-01  0.833330E+00
   0.459999E+00  0.000000E+00  0.800000E+00
   0.283670E+00  -.232338E-01  0.346389E+00
   0.164100E+00  -.241753E-01  0.152119E+00
   0.436550E+00  -.211129E-01  0.607280E+00
   0.530160E+00  -.142512E-01  0.863270E+00
   0.995392E-01  -.258504E-01  0.271493E-01
   0.320950E+00  -.228753E-01  0.407330E+00
   0.148840E+00  -.249575E-01  0.116150E+00
   0.747200E+00  -.650547E-02  0.440000E+00
   0.528120E+00  -.180571E-01  0.800000E+00
   0.513470E+00  -.147048E-01  0.831070E+00
   0.132250E+00  -.253835E-01  0.841064E-01
   0.908910E+00  0.000000E+00  0.100610E+01
   0.116000E+00  -.257154E-01  0.541215E-01
   0.268420E+00  -.237715E-01  0.314030E+00
   0.725790E+00  -.748792E-02  0.392790E+00
   0.905390E+00  -.613041E-02  0.100000E+01
   0.715749E+00  -.739056E-02  0.353620E+00
   0.705210E+00  -.754214E-02  0.320280E+00
   0.695290E+00  -.770920E-02  0.289680E+00
   0.694360E+00  0.583611E-02  0.230260E+00
   0.646930E+00  -.760077E-02  0.112290E+00
   0.636510E+00  -.767822E-02  0.770345E-01
   0.491670E+00  0.000000E+00  0.855080E+00
   0.849990E+00  -.765941E-02  0.848559E+00
   0.656660E+00  -.762954E-02  0.148241E+00
   0.346640E+00  0.243789E-01  0.410150E+00
   0.888220E+00  -.668359E-02  0.957010E+00
   0.835100E+00  -.783311E-02  0.800000E+00
   0.810700E+00  0.819932E-02  0.723340E+00
   0.819550E+00  0.821924E-02  0.756290E+00
   0.252890E+00  -.243645E-01  0.280100E+00
   0.800940E+00  0.835864E-02  0.693120E+00
   0.843690E+00  0.837191E-02  0.850000E+00
   0.203100E+00  0.247706E-01  0.200000E+00
   0.408530E+00  -.215045E-01  0.559770E+00
   0.828820E+00  0.850468E-02  0.800000E+00
   0.682490E+00  -.830111E-02  0.261740E+00
   0.774150E+00  -.739167E-02  0.564580E+00
   0.662250E+00  -.866510E-02  0.200000E+00
   0.784030E+00  -.736512E-02  0.599500E+00
   0.820240E+00  -.852570E-02  0.769290E+00
   0.764540E+00  -.750563E-02  0.533380E+00
   0.881880E+00  -.721022E-02  0.950000E+00
   0.541220E+00  0.203229E-01  0.765770E+00
   0.758660E+00  -.731865E-02  0.506250E+00
   0.585880E+00  -.161187E-01  0.920630E+00
   0.237550E+00  -.252386E-01  0.240660E+00
   0.809070E+00  -.888970E-02  0.740960E+00
   0.799660E+00  -.906893E-02  0.712670E+00
   0.326740E+00  0.246953E-01  0.375959E+00
   0.392280E+00  -.222779E-01  0.520510E+00
   0.213861E+00  -.255815E-01  0.200000E+00
   0.728390E+00  0.869055E-02  0.440000E+00
   0.353180E+00  -.234794E-01  0.440000E+00
   0.376960E+00  -.231243E-01  0.480501E+00
   0.868760E+00  -.777669E-02  0.921250E+00
   0.334979E+00  -.249155E-01  0.381560E+00
   0.790201E+00  -.823804E-02  0.650000E+00
   0.788970E+00  -.921054E-02  0.678399E+00
   0.738720E+00  0.855115E-02  0.472969E+00
   0.717130E+00  0.855115E-02  0.394690E+00
   0.233240E+00  0.255694E-01  0.227720E+00
   0.786740E+00  0.861753E-02  0.650000E+00
   0.160410E+00  0.269855E-01  0.955042E-01
   0.288510E+00  0.250339E-01  0.316280E+00
   0.182080E+00  0.267023E-01  0.132010E+00
   0.271441E+00  0.252839E-01  0.287220E+00
   0.858360E+00  -.826349E-02  0.900000E+00
   0.253710E+00  0.255362E-01  0.257110E+00
   0.707110E+00  0.850468E-02  0.357000E+00
   0.141020E+00  0.273263E-01  0.609777E-01
   0.756790E+00  0.845379E-02  0.535510E+00
   0.305431E+00  0.248900E-01  0.342650E+00
   0.748650E+00  0.847149E-02  0.506460E+00
   0.765230E+00  0.848698E-02  0.567320E+00
   0.200440E+00  -.260617E-01  0.171150E+00
   0.774990E+00  0.853787E-02  0.604510E+00
   0.623530E+00  -.777890E-02  0.332332E-01
   0.620140E+00  0.861532E-02  0.464433E-01
   0.123380E+00  0.276803E-01  0.286694E-01
   0.697890E+00  0.846928E-02  0.322570E+00
   0.692790E+00  0.806877E-02  0.291710E+00
   0.629720E+00  0.861089E-02  0.809455E-01
   0.739371E+00  -.868502E-02  0.479680E+00
   0.519750E+00  0.205486E-01  0.732510E+00
   0.614730E+00  -.167383E-01  0.950000E+00
   0.645800E+00  0.164152E-01  0.100000E+01
   0.638520E+00  0.868391E-02  0.115000E+00
   0.465790E+00  0.210000E-01  0.650000E+00
   0.557080E+00  -.180892E-01  0.840470E+00
   0.660340E+00  -.984781E-02  0.230570E+00
   0.720730E+00  -.954246E-02  0.440000E+00
   0.648120E+00  0.879897E-02  0.153220E+00
   0.636990E+00  0.163201E-01  0.990000E+00
   0.185990E+00  -.270895E-01  0.129299E+00
   0.498980E+00  0.209160E-01  0.696250E+00
   0.207550E+00  0.270010E-01  0.161020E+00
   0.636030E+00  -.162603E-01  0.990000E+00
   0.676601E+00  0.909106E-02  0.265221E+00
   0.884270E+00  -.837634E-02  0.100000E+01
   0.659440E+00  0.898927E-02  0.200000E+00
   0.319580E+00  -.251700E-01  0.355010E+00
   0.169700E+00  -.277212E-01  0.929585E-01
   0.693650E+00  -.105470E-01  0.375050E+00
   0.681200E+00  -.109984E-01  0.344950E+00
   0.133160E+00  -.282689E-01  0.303456E-01
   0.855170E+00  0.859540E-02  0.900000E+00
   0.153270E+00  -.281328E-01  0.612200E-01
   0.305470E+00  -.256612E-01  0.324300E+00
   0.670410E+00  -.112352E-01  0.313670E+00
   0.868760E+00  0.858434E-02  0.950000E+00
   0.812780E+00  -.110405E-01  0.834480E+00
   0.373990E+00  0.235181E-01  0.467259E+00
   0.663680E+00  -.111932E-01  0.287590E+00
   0.622220E+00  -.112286E-01  0.137360E+00
   0.475530E+00  -.215355E-01  0.650000E+00
   0.611180E+00  -.114012E-01  0.102810E+00
   0.363600E+00  0.240758E-01  0.440000E+00
   0.802379E+00  -.111589E-01  0.800000E+00
   0.633370E+00  -.109995E-01  0.170370E+00
   0.290850E+00  -.262210E-01  0.291190E+00
   0.781920E+00  0.118349E-01  0.749741E+00
   0.393880E+00  0.235270E-01  0.493410E+00
   0.772150E+00  0.119610E-01  0.717940E+00
   0.448300E+00  0.223542E-01  0.593839E+00
   0.599500E+00  -.115771E-01  0.660017E-01
   0.566900E+00  -.170414E-01  0.875690E+00
   0.861519E+00  -.962433E-02  0.962240E+00
   0.432050E+00  -.238578E-01  0.532359E+00
   0.412580E+00  0.232216E-01  0.525450E+00
   0.690360E+00  -.117408E-01  0.404850E+00
   0.790120E+00  0.123106E-01  0.800000E+00
   0.801850E+00  0.121225E-01  0.837050E+00
   0.430300E+00  0.229008E-01  0.556550E+00
   0.655150E+00  -.169297E-01  0.100000E+01
   0.827019E+00  -.106245E-01  0.871670E+00
   0.786880E+00  -.119311E-01  0.772260E+00
   0.868890E+00  0.000000E+00  0.101040E+01
   0.749890E+00  -.107495E-01  0.589160E+00
   0.275960E+00  -.268362E-01  0.256210E+00
   0.244140E+00  0.274236E-01  0.200000E+00
   0.738950E+00  -.109763E-01  0.556920E+00
   0.645760E+00  -.123737E-01  0.263170E+00
   0.727850E+00  -.111268E-01  0.521300E+00
   0.761490E+00  -.104563E-01  0.621430E+00
   0.851681E+00  -.102550E-01  0.950000E+00
   0.659719E+00  0.000000E+00  0.101670E+01
   0.772050E+00  -.127045E-01  0.747600E+00
   0.689289E+00  0.127996E-01  0.440000E+00
   0.653460E+00  0.105957E-01  0.230100E+00
   0.233309E+00  -.277168E-01  0.178500E+00
   0.626730E+00  -.125684E-01  0.200000E+00
   0.697849E+00  0.126359E-01  0.465760E+00
   0.499880E+00  -.217137E-01  0.676050E+00
   0.583300E+00  -.124234E-01  0.353264E-01
   0.759910E+00  -.130021E-01  0.713730E+00
   0.672280E+00  0.131559E-01  0.390040E+00
   0.759540E+00  0.122951E-01  0.683810E+00
   0.667600E+00  0.125319E-01  0.349460E+00
   0.253150E+00  -.278673E-01  0.200000E+00
   0.354770E+00  -.247540E-01  0.411420E+00
   0.658441E+00  0.123836E-01  0.310220E+00
   0.586280E+00  -.172129E-01  0.900000E+00
   0.701010E+00  -.126204E-01  0.476920E+00
   0.811050E+00  0.122265E-01  0.876720E+00
   0.224530E+00  -.284935E-01  0.147150E+00
   0.755949E+00  -.117751E-01  0.650000E+00
   0.273490E+00  0.278529E-01  0.225610E+00
   0.823340E+00  -.116623E-01  0.900000E+00
   0.708630E+00  0.124677E-01  0.499610E+00
   0.202330E+00  0.293952E-01  0.949411E-01
   0.182370E+00  0.297647E-01  0.599620E-01
   0.519530E+00  -.214559E-01  0.707250E+00
   0.310930E+00  0.274104E-01  0.283390E+00
   0.589520E+00  0.128571E-01  0.732473E-01
   0.293590E+00  0.277024E-01  0.254200E+00
   0.164680E+00  0.301320E-01  0.278031E-01
   0.327250E+00  0.271670E-01  0.309810E+00
   0.218090E+00  0.290434E-01  0.124180E+00
   0.717430E+00  0.124102E-01  0.530350E+00
   0.863140E+00  -.104187E-01  0.100000E+01
   0.725290E+00  0.124367E-01  0.560770E+00
   0.346750E+00  0.269258E-01  0.339530E+00
   0.566120E+00  0.201924E-01  0.800000E+00
   0.679130E+00  -.137865E-01  0.440000E+00
   0.660960E+00  -.137710E-01  0.371250E+00
   0.598310E+00  0.129058E-01  0.107280E+00
   0.266850E+00  -.276217E-01  0.223820E+00
   0.208950E+00  -.293288E-01  0.105010E+00
   0.747080E+00  0.126270E-01  0.650000E+00
   0.452070E+00  -.233334E-01  0.571660E+00
   0.728930E+00  0.130895E-01  0.600050E+00
   0.620970E+00  -.139702E-01  0.229760E+00
   0.645260E+00  -.144348E-01  0.338210E+00
   0.351880E+00  -.264854E-01  0.359270E+00
   0.172210E+00  -.301885E-01  0.357701E-01
   0.192360E+00  -.298853E-01  0.690929E-01
   0.633570E+00  -.146970E-01  0.304590E+00
   0.601820E+00  0.136825E-01  0.148150E+00
   0.791670E+00  -.136460E-01  0.864000E+00
   0.536490E+00  -.210366E-01  0.739780E+00
   0.342940E+00  -.269844E-01  0.333420E+00
   0.578580E+00  0.129324E-01  0.355798E-01
   0.599730E+00  -.143286E-01  0.164230E+00
   0.774641E+00  -.143076E-01  0.827580E+00
   0.635040E+00  0.135387E-01  0.265940E+00
   0.619150E+00  0.133462E-01  0.200000E+00
   0.585270E+00  -.148154E-01  0.128620E+00
   0.565480E+00  -.150655E-01  0.642614E-01
   0.748770E+00  -.131747E-01  0.678570E+00
   0.416390E+00  -.244652E-01  0.495820E+00
   0.480420E+00  -.231298E-01  0.610711E+00
   0.573420E+00  -.150455E-01  0.931078E-01
   0.393980E+00  -.254410E-01  0.440000E+00
   0.329801E+00  -.275133E-01  0.301730E+00
   0.759770E+00  -.149725E-01  0.800000E+00
   0.368780E+00  0.265983E-01  0.374550E+00
   0.551430E+00  -.206748E-01  0.768260E+00
   0.742731E+00  0.151805E-01  0.742670E+00
   0.753510E+00  0.149261E-01  0.773240E+00
   0.253650E+00  0.295855E-01  0.150030E+00
   0.374900E+00  -.264423E-01  0.386380E+00
   0.315760E+00  -.280864E-01  0.267470E+00
   0.814390E+00  0.124677E-01  0.900000E+00
   0.760121E+00  0.155877E-01  0.831550E+00
   0.727941E+00  -.135663E-01  0.615580E+00
   0.652010E+00  -.154615E-01  0.404960E+00
   0.827870E+00  0.124190E-01  0.950000E+00
   0.819030E+00  -.136471E-01  0.971759E+00
   0.869960E+00  0.882553E-02  0.963721E+00
   0.866010E+00  0.101510E-01  0.100000E+01
   0.828800E+00  0.000000E+00  0.101410E+01
   0.768530E+00  0.156054E-01  0.866880E+00
   0.635920E+00  0.161917E-01  0.373980E+00
   0.543250E+00  -.165734E-01  0.387551E-01
   0.626050E+00  0.163511E-01  0.342910E+00
   0.713431E+00  -.140852E-01  0.581840E+00
   0.730700E+00  0.155368E-01  0.711950E+00
   0.606570E+00  -.162371E-01  0.264160E+00
   0.701320E+00  -.144415E-01  0.550519E+00
   0.648210E+00  0.166321E-01  0.440000E+00
   0.264150E+00  -.295202E-01  0.163740E+00
   0.615070E+00  0.145344E-01  0.229080E+00
   0.732280E+00  -.162338E-01  0.751780E+00
   0.303200E+00  -.287424E-01  0.231800E+00
   0.510380E+00  0.229229E-01  0.650000E+00
   0.546990E+00  0.168755E-01  0.647924E-01
   0.678070E+00  0.178867E-01  0.100000E+01
   0.683130E+00  -.152458E-01  0.514760E+00
   0.287860E+00  0.291960E-01  0.200000E+00
   0.407320E+00  -.251965E-01  0.462780E+00
   0.749250E+00  0.158333E-01  0.800000E+00
   0.583200E+00  -.168379E-01  0.200000E+00
   0.610800E+00  0.168312E-01  0.304860E+00
   0.557970E+00  0.218586E-01  0.736310E+00
   0.388580E+00  0.262752E-01  0.406620E+00
   0.829410E+00  0.127266E-01  0.970150E+00
   0.807770E+00  -.141129E-01  0.950000E+00
   0.568030E+00  -.202687E-01  0.800000E+00
   0.659260E+00  -.164595E-01  0.475220E+00
   0.535790E+00  0.170038E-01  0.275453E-01
   0.250110E+00  -.303068E-01  0.121980E+00
   0.665660E+00  0.162692E-01  0.491600E+00
   0.294840E+00  -.293930E-01  0.200000E+00
   0.493490E+00  0.236664E-01  0.606160E+00
   0.582470E+00  0.216838E-01  0.765010E+00
   0.623220E+00  -.171377E-01  0.365580E+00
   0.547669E+00  0.226043E-01  0.697410E+00
   0.556530E+00  0.168534E-01  0.999054E-01
   0.772090E+00  0.159351E-01  0.900000E+00
   0.779289E+00  -.153929E-01  0.900000E+00
   0.824030E+00  0.137998E-01  0.100000E+01
   0.611360E+00  -.174585E-01  0.333780E+00
   0.717860E+00  -.165303E-01  0.708620E+00
   0.243040E+00  0.308844E-01  0.941047E-01
   0.310859E+00  0.291806E-01  0.223290E+00
   0.409110E+00  0.259256E-01  0.440000E+00
   0.820820E+00  -.140520E-01  0.100000E+01
   0.679600E+00  0.157470E-01  0.522680E+00
   0.750870E+00  -.167560E-01  0.857510E+00
   0.202540E+00  0.316699E-01  0.250040E-01
   0.233831E+00  -.310304E-01  0.796278E-01
   0.716690E+00  0.160214E-01  0.679530E+00
   0.224950E+00  0.314309E-01  0.560842E-01
   0.564610E+00  0.168711E-01  0.131070E+00
   0.347120E+00  0.286229E-01  0.277630E+00
   0.635000E+00  -.177816E-01  0.440000E+00
   0.640960E+00  0.181257E-01  0.950000E+00
   0.213329E+00  -.315139E-01  0.415498E-01
   0.711290E+00  -.158443E-01  0.650000E+00
   0.332690E+00  0.290301E-01  0.248470E+00
   0.559980E+00  -.179465E-01  0.157559E+00
   0.658820E+00  -.187475E-01  0.950000E+00
   0.517160E+00  -.231055E-01  0.650000E+00
   0.435800E+00  0.253525E-01  0.487380E+00
   0.473850E+00  0.244519E-01  0.557730E+00
   0.673390E+00  0.180350E-01  0.990000E+00
   0.455040E+00  0.249343E-01  0.521530E+00
   0.631490E+00  0.193692E-01  0.900000E+00
   0.533130E+00  -.186125E-01  0.829878E-01
   0.591080E+00  0.175526E-01  0.259870E+00
   0.367830E+00  0.284371E-01  0.301380E+00
   0.378410E+00  -.276604E-01  0.344110E+00
   0.738690E+00  -.171233E-01  0.826870E+00
   0.615099E+00  0.187408E-01  0.406160E+00
   0.578980E+00  -.179077E-01  0.228590E+00
   0.545970E+00  -.183193E-01  0.119711E+00
   0.683230E+00  0.161121E-01  0.552720E+00
   0.369479E+00  -.282423E-01  0.311600E+00
   0.716210E+00  0.177451E-01  0.767070E+00
   0.490380E+00  -.243313E-01  0.577150E+00
   0.576650E+00  0.174419E-01  0.200000E+00
   0.691400E+00  0.161032E-01  0.584120E+00
   0.590290E+00  -.186202E-01  0.303460E+00
   0.445450E+00  -.259610E-01  0.470700E+00
   0.590209E+00  0.200729E-01  0.831720E+00
   0.704710E+00  0.163997E-01  0.650000E+00
   0.356670E+00  -.287612E-01  0.278470E+00
   0.458040E+00  -.253591E-01  0.506990E+00
   0.502031E+00  0.207367E-01  0.548351E-01
   0.538940E+00  -.229893E-01  0.673900E+00
   0.705460E+00  0.180328E-01  0.737980E+00
   0.414400E+00  -.268605E-01  0.407130E+00
   0.721719E+00  0.182961E-01  0.829250E+00
   0.714610E+00  -.183591E-01  0.800000E+00
   0.609570E+00  -.191325E-01  0.402800E+00
   0.390990E+00  0.280255E-01  0.335840E+00
   0.784610E+00  0.158621E-01  0.950000E+00
   0.725030E+00  0.184753E-01  0.861710E+00
   0.594920E+00  0.197167E-01  0.372580E+00
   0.688390E+00  -.169065E-01  0.609490E+00
   0.500330E+00  -.205863E-01  0.415144E-01
   0.794180E+00  0.156408E-01  0.976850E+00
   0.344990E+00  -.293288E-01  0.243350E+00
   0.474430E+00  -.248214E-01  0.543271E+00
   0.537120E+00  0.201902E-01  0.167020E+00
   0.512630E+00  0.206615E-01  0.926962E-01
   0.581510E+00  0.201282E-01  0.339120E+00
   0.678970E+00  -.169928E-01  0.576300E+00
   0.566230E+00  -.228565E-01  0.697589E+00
   0.792070E+00  0.160900E-01  0.100000E+01
   0.288270E+00  -.307582E-01  0.137861E+00
   0.521760E+00  -.241300E-01  0.607920E+00
   0.305330E+00  0.306388E-01  0.154160E+00
   0.564070E+00  -.199778E-01  0.262879E+00
   0.661539E+00  -.178635E-01  0.548690E+00
   0.706110E+00  0.188913E-01  0.800000E+00
   0.304490E+00  -.303898E-01  0.166150E+00
   0.630900E+00  -.193515E-01  0.900000E+00
   0.581310E+00  -.204325E-01  0.353290E+00
   0.581420E+00  -.223144E-01  0.734070E+00
   0.640120E+00  -.188570E-01  0.511730E+00
   0.522060E+00  0.206283E-01  0.128070E+00
   0.564140E+00  0.207301E-01  0.299060E+00
   0.618820E+00  0.199446E-01  0.480980E+00
   0.287560E+00  0.312981E-01  0.110200E+00
   0.687469E+00  -.194124E-01  0.749580E+00
   0.788641E+00  0.000000E+00  0.101690E+01
   0.604780E+00  0.202610E-01  0.440000E+00
   0.687720E+00  0.188426E-01  0.710390E+00
   0.536950E+00  -.209204E-01  0.200000E+00
   0.334410E+00  0.300391E-01  0.200000E+00
   0.339050E+00  -.300645E-01  0.200000E+00
   0.615940E+00  -.200784E-01  0.476260E+00
   0.727740E+00  0.186501E-01  0.900000E+00
   0.772860E+00  -.169928E-01  0.979970E+00
   0.545200E+00  0.211660E-01  0.244630E+00
   0.282180E+00  -.315050E-01  0.964358E-01
   0.706110E+00  -.193427E-01  0.849069E+00
   0.636890E+00  0.193980E-01  0.526520E+00
   0.412760E+00  0.275918E-01  0.369580E+00
   0.732630E+00  -.184156E-01  0.900000E+00
   0.663610E+00  0.190617E-01  0.619550E+00
   0.508450E+00  -.214393E-01  0.111909E+00
   0.760910E+00  -.173645E-01  0.950000E+00
   0.259759E+00  -.322109E-01  0.476636E-01
   0.679750E+00  -.182186E-01  0.990000E+00
   0.513770E+00  -.217944E-01  0.149779E+00
   0.412450E+00  -.275597E-01  0.371200E+00
   0.438290E+00  -.265065E-01  0.440000E+00
   0.485720E+00  -.227105E-01  0.823307E-01
   0.269610E+00  0.321611E-01  0.540263E-01
   0.588200E+00  -.215112E-01  0.440000E+00
   0.376290E+00  0.293620E-01  0.248510E+00
   0.672450E+00  -.196691E-01  0.696900E+00
   0.532180E+00  0.213165E-01  0.200000E+00
   0.602330E+00  -.192929E-01  0.869650E+00
   0.538660E+00  -.213530E-01  0.227590E+00
   0.672470E+00  0.203296E-01  0.757261E+00
   0.398580E+00  -.287657E-01  0.288470E+00
   0.670600E+00  0.194821E-01  0.675500E+00
   0.778440E+00  -.168866E-01  0.100000E+01
   0.409330E+00  -.282800E-01  0.324120E+00
   0.547070E+00  -.221496E-01  0.302620E+00
   0.739371E+00  0.183868E-01  0.950000E+00
   0.568340E+00  0.223476E-01  0.404650E+00
   0.647470E+00  0.195441E-01  0.578730E+00
   0.758900E+00  0.175659E-01  0.983640E+00
   0.591740E+00  0.226131E-01  0.716730E+00
   0.383590E+00  -.292182E-01  0.257470E+00
   0.434230E+00  0.271603E-01  0.401780E+00
   0.663370E+00  -.195861E-01  0.650000E+00
   0.680459E+00  0.202787E-01  0.851550E+00
   0.521850E+00  -.249210E-01  0.554710E+00
   0.466710E+00  0.242771E-01  0.848133E-01
   0.563840E+00  -.225545E-01  0.397780E+00
   0.559300E+00  0.235801E-01  0.650000E+00
   0.542800E+00  0.241333E-01  0.611300E+00
   0.554760E+00  0.227570E-01  0.370550E+00
   0.453630E+00  -.244906E-01  0.423597E-01
   0.666719E+00  -.207411E-01  0.800000E+00
   0.645979E+00  -.199634E-01  0.597050E+00
   0.329360E+00  -.309165E-01  0.139710E+00
   0.484570E+00  -.259865E-01  0.482500E+00
   0.413040E+00  0.285809E-01  0.292240E+00
   0.476330E+00  0.242129E-01  0.121130E+00
   0.562540E+00  -.235668E-01  0.650000E+00
   0.760080E+00  0.177318E-01  0.100000E+01
   0.453930E+00  0.244674E-01  0.423486E-01
   0.520959E+00  0.248104E-01  0.564390E+00
   0.691590E+00  -.182474E-01  0.100000E+01
   0.619620E+00  -.210343E-01  0.548520E+00
   0.501680E+00  -.255008E-01  0.515420E+00
   0.660530E+00  0.209270E-01  0.800000E+00
   0.591800E+00  -.218121E-01  0.765600E+00
   0.531720E+00  0.239098E-01  0.343160E+00
   0.518470E+00  -.235038E-01  0.258430E+00
   0.484530E+00  0.243059E-01  0.160500E+00
   0.458900E+00  0.266182E-01  0.440000E+00
   0.481240E+00  0.259986E-01  0.482460E+00
   0.599310E+00  -.202875E-01  0.834561E+00
   0.499570E+00  0.254786E-01  0.518190E+00
   0.449660E+00  -.271802E-01  0.398100E+00
   0.596429E+00  -.220544E-01  0.512790E+00
   0.383970E+00  -.295191E-01  0.226110E+00
   0.571610E+00  0.231221E-01  0.475920E+00
   0.659430E+00  0.198561E-01  0.650000E+00
   0.470420E+00  -.246057E-01  0.118040E+00
   0.514610E+00  0.242329E-01  0.286999E+00
   0.332050E+00  0.310990E-01  0.119670E+00
   0.680910E+00  0.199423E-01  0.900000E+00
   0.531870E+00  -.239485E-01  0.346760E+00
   0.485580E+00  0.248900E-01  0.200000E+00
   0.355650E+00  0.304861E-01  0.154130E+00
   0.558860E+00  0.234606E-01  0.440000E+00
   0.302620E+00  -.319587E-01  0.626483E-01
   0.487800E+00  -.247363E-01  0.200000E+00
   0.570330E+00  -.232261E-01  0.478530E+00
   0.587210E+00  0.226795E-01  0.517730E+00
   0.683220E+00  -.199235E-01  0.900000E+00
   0.496340E+00  0.247307E-01  0.237680E+00
   0.439270E+00  -.262907E-01  0.840145E-01
   0.711280E+00  -.191402E-01  0.950000E+00
   0.383950E+00  0.296851E-01  0.200000E+00
   0.640980E+00  0.214935E-01  0.709970E+00
   0.738690E+00  0.000000E+00  0.101850E+01
   0.437210E+00  0.279304E-01  0.329260E+00
   0.634700E+00  -.217502E-01  0.743930E+00
   0.324990E+00  0.315504E-01  0.715845E-01
   0.604510E+00  0.221595E-01  0.561510E+00
   0.648810E+00  -.207135E-01  0.849210E+00
   0.538530E+00  -.245803E-01  0.440000E+00
   0.723500E+00  -.186335E-01  0.990000E+00
   0.486380E+00  -.263582E-01  0.440000E+00
   0.418620E+00  0.275564E-01  0.764016E-01
   0.612400E+00  0.213629E-01  0.800000E+00
   0.378450E+00  -.299218E-01  0.172220E+00
   0.337990E+00  -.311975E-01  0.867285E-01
   0.525560E+00  0.249122E-01  0.399330E+00
   0.385910E+00  -.296419E-01  0.200000E+00
   0.294370E+00  -.323702E-01  0.275188E-01
   0.691470E+00  0.192586E-01  0.950000E+00
   0.466310E+00  -.256280E-01  0.161750E+00
   0.611030E+00  0.224870E-01  0.650000E+00
   0.423670E+00  -.285145E-01  0.257961E+00
   0.723500E+00  0.186346E-01  0.990000E+00
   0.499680E+00  -.253503E-01  0.299580E+00
   0.699190E+00  0.000000E+00  0.101820E+01
   0.449040E+00  -.275686E-01  0.353250E+00
   0.624110E+00  0.218608E-01  0.762600E+00
   0.611930E+00  -.224505E-01  0.650000E+00
   0.622121E+00  -.221684E-01  0.692890E+00
   0.430600E+00  0.273064E-01  0.115100E+00
   0.627819E+00  0.206770E-01  0.843750E+00
   0.516740E+00  -.252939E-01  0.391200E+00
   0.454230E+00  0.274104E-01  0.363610E+00
   0.405811E+00  0.278352E-01  0.360655E-01
   0.604580E+00  0.225799E-01  0.610270E+00
   0.397910E+00  -.284658E-01  0.467652E-01
   0.601359E+00  -.225788E-01  0.587881E+00
   0.445720E+00  -.278175E-01  0.299920E+00
   0.728060E+00  -.184897E-01  0.100000E+01
   0.435650E+00  0.280852E-01  0.240040E+00
   0.615420E+00  -.213895E-01  0.800000E+00
   0.575360E+00  -.235591E-01  0.550390E+00
   0.443220E+00  0.269700E-01  0.150360E+00
   0.728060E+00  0.184908E-01  0.100000E+01
   0.425509E+00  -.277102E-01  0.123150E+00
   0.468000E+00  -.266282E-01  0.250130E+00
   0.565490E+00  -.239198E-01  0.601590E+00
   0.550011E+00  -.244608E-01  0.515840E+00
   0.482740E+00  0.265009E-01  0.330720E+00
   0.525030E+00  0.252817E-01  0.475810E+00
   0.375971E+00  -.300446E-01  0.125090E+00
   0.523010E+00  -.253426E-01  0.480511E+00
   0.510280E+00  0.257530E-01  0.440000E+00
   0.541130E+00  0.247661E-01  0.514910E+00
   0.486270E+00  -.264102E-01  0.343430E+00
   0.463360E+00  0.270939E-01  0.280940E+00
   0.336960E+00  -.312981E-01  0.375071E-01
   0.379660E+00  0.298754E-01  0.109890E+00
   0.436230E+00  0.278463E-01  0.200000E+00
   0.569570E+00  0.238478E-01  0.567810E+00
   0.484570E+00  0.265739E-01  0.391090E+00
   0.435570E+00  -.278795E-01  0.200000E+00
   0.393620E+00  -.291352E-01  0.903198E-01
   0.405760E+00  0.289703E-01  0.153470E+00
   0.373460E+00  0.299440E-01  0.672231E-01
   0.420780E+00  -.283386E-01  0.163660E+00
   0.483859E+00  -.266005E-01  0.383660E+00
   0.355630E+00  0.305458E-01  0.309275E-01
   0.907550E+00  0.451732E-02  0.957219E+00
   0.905390E+00  0.613041E-02  0.100000E+01
 1524
     0       1       2
     3       4       5
     6       1       7
     8       9      10
    11      12      13
    14      15      16
    17      18       4
    11      19      20
    21      22      23
    22       8      24
     5      18      25
    26      16      27
    28      29      30
    19      28      31
    28      19      32
    33      27      34
     7      35      36
    21      37      38
    39       9      40
    41      42      43
    44      45      46
    45      47      46
    41      48      49
    48      41      50
    51      30      29
    37      35      52
    53      54      55
     8      22      56
    57      58      59
    43      50      41
    45      60      61
    62      43      42
    63      64      57
    65      56      22
    38      65      21
     0      52      35
    56      66       8
    54      53      67
    36      37      23
     1      35       7
    36      35      37
    68       1       6
    37      21      23
    22      24      23
    29      60      51
    29      28      69
     5      11       3
    45      44      60
    18       5       4
    60      29      61
    19      11      13
    11       5      12
    19      13      32
    30      31      28
    60      59      51
    20       3      11
    31      20      19
     5      25      12
    25      18      70
    29      69      61
    28      32      69
    42      39      62
    64      71      72
    71      48      73
     9       8      66
    40      62      39
     9      66      40
    73      72      71
    73      74      72
    50      73      48
    57      59      63
    72      57      64
    72      58      57
    75      76      77
    75      78      76
    49      48      79
     9      39      80
    71      64      81
    64      46      81
    39      42      82
    44      46      64
    48      71      79
    42      83      82
    79      71      81
    78      75      54
    54      75      55
    22      21      65
    39      82      80
    35       1       0
    38      37      52
    65      84      56
    77      76      15
    34      85      33
    24       8      10
    60      63      59
    42      41      83
    41      49      83
    80      10       9
     1      68       2
    86      87      88
    77      15      14
    50      89      73
    56      84      66
    86      88      90
    38      91      65
    53      55      92
    64      63      44
    43      93      50
    18      94      70
    18      17      94
    53      92      95
    38      52      96
    73      89      74
    97      52       0
    58      98      59
    99       4       3
    55      75      92
    63      60      44
     0       2     100
    92     101      95
   102     103      87
    62     104      43
    50      93      89
    94      17     105
    67      78      54
    72      74      58
    20     106       3
    51      59      98
    92      75     101
    17       4      99
    36     107       7
    94     108      70
   109      10      80
    31     110      20
     7     111       6
    51     112      30
    40     113      62
    30     114      31
    20     110     106
    27      33      26
     0     100      97
   115     116     117
    75     118     101
    75      77     118
    77      14     118
    43     104      93
   119     120     121
   122     115     123
   120     124     125
   126      90     127
   108     103     128
    40      66     129
   130     122     131
   132     133     134
   132     134     135
   136     130     137
   106     138       3
   133     136     139
    65      91      84
    79      81     140
   116     141     117
    49      79     142
   143     144     145
   146     147     148
   147     143     149
   150     151     152
   151     153     154
   155     156     157
    80      82     158
   144     159     160
   161     150     162
   153     163     164
    24      10     165
    83      49     166
   161     155     167
    23      24     168
   156     169     170
    14      16      26
   156     155     171
   155     161     172
   173     119     174
    62     113     104
    36      23     175
   176     177     178
    82      83     179
   180     176     181
    97      96      52
   182     180     183
   150     161     184
   177     185     186
   159     187     188
   189     173     190
    95     191      53
    94     105     192
   151     150     193
   153     151     194
   163     153     195
   141     182     196
    31     114     110
    94     192     108
    70     108     197
    81      46     198
   187     135     199
    45      61     200
   185     163     201
    53     191      67
   169     189     202
   116     115     203
   180     182     204
   176     180     205
   141     116     203
   177     176     206
   182     141     207
    38      96      91
   185     177     208
    15     209      16
   163     185     210
     3     138      99
   169     156     211
    30     112     114
    98     112      51
    61      69     212
   192     105     213
   115     122     214
    17     215     105
   140     142      79
    81     198     140
    66      84     129
   147     146     216
   118      14     217
   108     192     103
    12     218      13
   122     130     219
    69      32     220
    34     127      85
   197     221      70
    25      70     221
    58      74     222
   120     119     223
   115     117     123
    23     168     175
   224     124     225
    90     226     127
   227     213     228
   124     224     125
    32      13     229
   143     147     230
   122     123     131
    86     102      87
   121     120     125
   124     120     225
   100       2     231
   130     136     232
    27     233      34
   130     131     137
   189     169     234
   108     128     197
    16     209      27
   133     139     134
   213     105     235
   228     213     236
   136     137     139
    90      88     237
     7     107     111
   119     121     238
   173     189     234
   143     145     149
   147     149     148
    12      25     239
    10     109     165
   144     160     145
   162     150     152
   102     128     103
   152     151     154
   109      80     158
   136     133     240
   144     143     241
   161     162     172
   156     170     157
   154     153     164
   192     213     227
   155     157     167
   171     155     172
   156     171     211
   119     173     242
   107      36     175
   119     238     174
    40     129     113
   212     200      61
   192     227     103
   133     132     243
    14      26     217
   160     159     188
   135     134     199
   244     228     245
   161     167     184
   117     141     196
   245     228     246
   176     178     181
    69     220     212
    45     200      47
   177     186     178
   180     181     183
    87     103     227
   132     135     243
   142     166      49
   173     174     190
   159     144     247
   150     184     193
    32     229     220
   164     163     210
   163     195     201
   182     183     196
    82     179     158
    47     198      46
   186     185     201
   151     193     194
   188     187     199
   217     248     249
    83     166     179
   153     194     195
   189     190     202
    24     165     168
   170     169     202
   203     115     214
   180     204     205
   176     205     206
   182     207     204
    26      33     248
   177     206     208
   135     187     250
   245     251     252
   207     141     203
    13     218     229
   185     208     210
   187     159     250
   218      12     239
   214     122     219
    76     253      15
   146     254     216
    90     126      86
    88      87     244
   127     255     126
   245     252     256
    89     257      74
   217      26     248
    17      99     215
    84      91     258
   219     130     232
   147     216     230
   227     228     244
   120     223     225
   221     239      25
    99     138     259
   249      85     260
   227     244      87
   232     136     240
   231     261     100
    34     255     127
   143     230     241
    58     262      98
   248      33      85
   240     133     243
    90     237     226
   129      84     258
    91      96     263
   249     248      85
   123     117     264
   252     265     266
   252     266     226
   169     211     234
   144     241     247
    96      97     267
   237      88     256
   224     225     268
   215     235     105
    97     100     269
    89      93     270
   173     234     242
   222     262      58
   131     123     271
    74     257     222
   121     125     272
   137     131     273
   244     245     256
   159     247     250
   117     196     264
   139     137     274
   134     139     275
   243     135     276
    88     244     256
   149     145     277
   148     149     278
    85     127     279
   157     170     280
   145     160     281
    47     200     282
   238     121     283
   256     252     226
   167     157     284
   152     154     285
   162     152     286
    93     104     287
   135     250     276
   279     266     260
   154     164     288
   258      91     263
   184     167     284
   211     171     289
   109     158     290
   110     291     106
   172     162     292
   174     238     283
   171     172     292
   127     226     279
   165     109     290
   213     235     236
   199     134     293
   260      85     279
   106     291     138
   123     264     271
   181     178     294
   160     188     295
   178     186     296
   193     184     297
   263      96     267
   183     181     298
   190     174     299
    86     126     300
   196     183     301
   257      89     270
   217     302     118
   104     113     303
   194     193     304
   267      97     269
   226     266     279
   256     226     237
   188     199     295
   131     271     273
   195     194     305
   198      47     306
   269     100     261
   137     273     274
   114     307     110
   113     129     308
    78     253      76
   203     214     309
   228     236     246
    98     310     112
   139     274     275
   121     272     283
   112     311     114
   202     190     312
   262     222     313
   186     201     314
   201     195     315
   207     203     316
   157     280     284
   214     219     317
    98     262     310
   158     179     318
   145     281     277
   245     246     251
   149     277     278
   134     275     293
   270      93     287
   164     210     319
   175     168     320
   142     140     321
   168     165     322
   166     142     323
   170     202     324
   179     166     325
   286     152     285
   219     232     326
   107     175     327
   205     204     328
   140     198     329
   204     207     330
    99     259     215
   285     154     288
   206     205     331
   249     302     217
   129     258     332
   208     206     333
   162     286     292
   148     278     334
   216     254     335
   184     284     297
   210     208     319
   111     107     336
   281     160     295
   289     171     292
   232     240     337
   240     243     338
   174     283     299
   252     251     265
   230     216     339
   264     196     340
    86     341     102
   178     296     294
   118     342     101
   287     104     303
   193     297     304
   183     298     301
   181     294     298
   280     170     324
   290     158     318
   191     343      67
   241     230     344
   194     304     305
   291     110     307
   288     164     319
   128     345     197
   190     299     312
   315     195     305
   296     186     314
   260     266     346
   199     293     347
   316     203     309
   303     113     308
   214     317     309
   271     264     348
   247     241     349
   129     332     308
    67     350      78
   196     301     340
   258     263     351
   102     352     128
   295     199     347
   165     290     353
   317     219     326
   101     354      95
   243     276     355
   168     322     320
   179     325     318
   202     312     324
   201     315     314
   272     268     356
   326     232     337
   175     320     327
   142     321     323
   307     114     311
   166     323     325
   337     240     338
   321     140     329
   250     247     357
   222     257     358
   221     197     345
   107     327     336
   204     330     328
   205     328     331
   263     267     359
   273     271     360
   207     316     330
   206     331     333
   329     198     306
   216     335     339
   208     333     319
   322     165     353
   283     272     356
   348     264     340
   274     273     361
   269     261     362
   266     265     346
   234     211     363
   310     311     112
   267     269     364
   338     243     355
   332     258     351
   211     289     363
   257     270     365
   276     250     357
   275     274     366
   230     339     344
   242     234     367
   284     280     368
   212     220     369
   293     275     370
   277     281     371
   215     372     235
   138     291     259
   278     277     373
   200     212     374
   297     284     375
   241     344     349
   281     295     376
   270     287     377
   286     285     378
   306      47     282
   341      86     300
   220     229     379
   285     288     380
   239     221     381
   351     263     359
   334     278     382
   249     260     383
   299     283     384
   102     341     352
   291     307     385
   313     222     358
   229     218     386
   271     348     387
   273     360     361
   292     286     388
   289     292     389
   218     239     390
   247     349     357
    27     209     233
   359     267     364
   253     209      15
    95     391     191
   358     257     365
   280     324     392
   304     297     393
   274     361     366
   364     269     362
   360     271     387
   356     268     394
   368     280     392
   275     366     370
   294     296     395
   287     303     396
   283     356     384
   290     318     397
   281     376     371
   284     368     375
   298     294     398
   347     293     399
   301     298     400
   296     314     401
   312     299     402
   277     371     373
   343     191     403
   305     304     404
   365     270     377
   309     317     405
   355     276     406
   345     128     352
   353     290     397
   308     332     407
   295     347     408
   316     309     409
   235     410     236
   215     259     372
   278     373     382
   293     370     399
   340     301     400
   234     363     367
   378     285     380
   411     334     382
   297     375     393
   276     357     406
   315     305     412
   317     326     413
   288     319     414
   326     337     415
   303     308     416
   286     378     388
   262     417     310
   337     338     418
   302     249     419
   282     200     374
   221     345     381
   377     287     396
   376     295     408
   348     340     420
   302     342     118
   299     384     402
   389     292     388
   262     313     417
   363     289     421
   332     351     422
   338     355     418
   255      34     233
   289     389     421
   314     315     423
   212     369     374
   253      78     350
   296     401     395
   318     325     424
   380     288     414
   324     312     425
   369     220     379
   330     316     426
   320     322     427
   304     393     404
   327     320     428
   354     391      95
   236     429     246
   294     395     398
   323     321     430
   339     335     431
   325     323     432
   101     342     354
   336     327     433
   321     329     434
   322     353     435
   298     398     400
   328     330     436
   384     356     437
   331     328     438
   372     410     235
   329     306     439
   309     405     409
   255     440     126
   379     229     386
   387     348     441
   361     360     442
   317     413     405
   344     339     443
   239     381     390
   305     404     412
   396     303     444
   386     218     390
   356     394     437
   351     359     445
   319     333     446
   291     447     259
   392     324     425
   308     407     416
   407     332     422
   413     326     415
   415     337     418
   360     387     442
   401     314     423
   333     331     448
   300     126     440
   347     399     449
   397     318     424
   312     402     425
   340     400     420
   366     361     450
   313     358     451
   444     303     416
   408     347     449
   364     362     452
   359     364     453
   370     366     454
   349     344     455
   316     409     426
   368     392     456
   343     350      67
   246     457     251
   348     420     441
   358     365     458
   335     459     431
   371     376     460
   375     368     461
   383     419     249
   355     406     462
   357     349     463
   373     371     464
   399     370     454
   422     351     445
   418     355     462
   427     322     435
   411     382     465
   315     412     466
   311     467     307
   259     468     372
   320     427     428
   236     410     429
   382     373     469
   376     408     460
   310     470     311
   325     432     424
   423     315     466
   365     377     471
   327     428     433
   339     431     443
   323     430     432
   430     321     434
   414     319     446
   393     375     472
   361     442     450
   306     282     473
   251     474     265
   260     346     383
   330     426     436
   378     380     475
   434     329     439
   406     357     463
   388     378     476
   328     436     438
   451     358     458
   445     359     453
   353     397     477
   392     425     456
   366     450     454
   368     456     461
   344     443     455
   313     478     417
   377     396     479
   363     421     480
   191     391     403
   453     364     452
   331     438     448
   404     393     472
   389     388     481
   371     460     464
   333     448     446
   395     401     482
   442     387     483
   387     441     483
   367     363     484
   435     353     477
   458     365     471
   402     384     485
   373     464     469
   349     455     463
   439     306     473
   375     461     472
   465     382     469
   384     437     485
   417     470     310
   486     367     484
   394     487     488
   421     389     489
   413     415     490
   411     465     491
   415     418     492
   398     395     493
   429     457     246
   380     414     494
   401     423     482
   378     475     476
   437     394     488
   449     399     495
   447     291     385
   400     398     496
   405     413     497
   407     422     498
   462     406     499
   412     404     500
   396     444     501
   409     405     497
   416     407     498
   399     454     495
   471     377     479
   345     352     502
   251     457     474
   313     451     478
   431     459     503
   343     403     504
   406     463     499
   420     400     505
   397     424     506
   467     311     507
   388     476     508
   475     380     494
   408     449     509
   418     462     510
   341     300     511
   282     374     512
   487     486     513
   447     468     259
   460     408     509
   311     470     507
   385     307     467
   425     402     514
   265     515     346
   389     481     489
   481     388     508
   441     420     516
   459     517     503
   422     445     518
   426     409     519
   490     415     492
   444     416     520
   381     345     521
   395     482     493
   404     472     500
   440     522     300
   450     442     523
   363     480     484
   479     396     501
   265     474     515
   492     418     510
   352     341     524
   443     431     525
   480     421     526
   477     397     506
   456     425     527
   486     484     513
   488     487     528
   398     493     496
   454     450     529
   442     483     523
   466     412     530
   427     435     531
   424     432     532
   374     369     533
   488     534     437
   436     426     535
   461     456     536
   369     379     533
   478     470     417
   428     537     433
   445     453     538
   473     282     512
   414     446     539
   428     427     540
   455     443     541
   400     496     505
   430     434     542
   402     485     514
   483     441     543
   253     350     544
   453     452     545
   423     466     546
   432     430     547
   464     460     548
   498     422     518
   485     437     534
   354     342     549
   372     550     410
   379     386     551
   409     497     519
   390     381     552
   350     343     553
   431     503     525
   386     390     554
   420     505     516
   209     253     555
   465     469     556
   462     499     557
   416     498     520
   434     439     558
   421     489     526
   501     444     520
   491     465     556
   451     458     559
   472     461     560
   412     500     530
   413     490     561
   449     495     562
   469     464     563
   438     436     564
   494     414     539
   435     477     531
   458     471     565
   482     423     546
   510     462     557
   450     523     529
   476     475     566
   468     447     567
   497     413     561
   463     455     568
   487     513     528
   506     424     532
   509     449     562
   441     516     543
   443     525     541
   518     445     538
   448     438     569
   495     454     570
   426     519     535
   467     507     571
   460     509     548
   499     463     568
   527     425     514
   440     255     572
   508     476     566
   345     502     521
   468     550     372
   456     527     536
   446     448     573
   471     479     574
   461     536     560
   454     529     570
   341     511     524
   538     453     545
   478     451     559
   540     427     531
   428     540     537
   432     547     532
   467     575     385
   503     517     576
   410     577     429
   502     352     524
   475     494     578
   470     478     579
   430     542     547
   464     548     563
   436     535     564
   466     530     546
   481     508     580
   500     472     581
   542     434     558
   512     374     533
   523     483     582
   556     469     563
   557     499     568
   439     473     583
   458     565     559
   480     526     584
   489     481     585
   484     480     584
   490     492     586
   493     482     587
   491     556     588
   566     475     578
   513     484     589
   483     543     582
   511     300     522
   479     501     590
   438     564     569
   472     560     581
   385     591     447
   455     541     592
   539     446     573
   565     471     574
   381     521     552
   525     503     593
   492     510     594
   496     493     595
   379     551     533
   429     596     457
   568     455     592
   551     386     554
   550     577     410
   528     513     589
   554     390     552
   488     528     597
   498     518     598
   558     439     583
   550     468     599
   477     506     600
   562     495     601
   505     496     602
   508     566     603
   520     498     604
   482     546     587
   561     490     586
   302     605     342
   529     523     606
   495     570     601
   457     607     474
   516     505     608
   585     481     580
   574     479     590
   541     525     609
   589     484     584
   510     557     610
   580     508     603
   519     497     611
   503     576     593
   419     605     302
   531     477     612
   530     500     613
   534     488     614
   497     561     615
   494     539     616
   509     562     617
   548     509     617
   586     492     594
   506     532     618
   501     520     619
   570     529     606
   493     587     595
   543     516     620
   526     489     621
   514     485     622
   557     568     623
   518     538     624
   485     534     622
   500     581     613
   523     582     606
   528     589     597
   560     536     625
   498     598     604
   535     519     626
   578     494     616
   473     512     627
   536     527     628
   496     595     602
   448     569     629
   525     593     609
   577     596     429
   556     563     630
   532     547     618
   527     514     631
   594     510     610
   538     545     632
   541     609     592
   505     602     608
   447     591     567
   573     448     629
   354     633     391
   564     535     626
   563     548     634
   478     559     635
   470     636     507
   497     615     611
   489     585     621
   467     571     575
   590     501     619
   488     597     614
   581     560     625
   477     600     612
   591     385     575
   588     556     637
   598     518     624
   540     531     638
   582     543     639
   516     608     620
   600     506     618
   547     542     640
   546     530     641
   568     592     642
   383     643     419
   542     558     640
   562     601     644
   583     473     627
   520     604     619
   567     599     468
   610     557     623
   566     578     645
   603     566     645
   233     572     255
   565     574     646
   519     611     626
   623     568     642
   625     536     628
   457     596     607
   617     562     644
   556     630     637
   539     573     647
   543     620     639
   534     614     648
   559     565     649
   624     538     632
   601     570     650
   544     555     253
   579     478     635
   584     526     651
   548     617     634
   628     527     631
   561     586     652
   570     606     650
   569     564     653
   589     584     654
   622     534     648
   524     511     655
   563     634     630
   574     590     656
   530     613     641
   507     636     571
   514     622     631
   531     612     638
   636     470     579
   597     589     654
   615     561     652
   512     533     657
   587     546     658
   585     580     659
   591     660     567
   618     547     640
   580     603     659
   346     643     383
   593     576     661
   616     539     647
   606     582     662
   502     524     663
   521     502     664
   586     594     665
   578     616     645
   588     637     666
   526     621     651
   613     581     667
   564     626     653
   595     587     668
   604     598     669
   581     625     667
   575     571     670
   582     639     662
   558     583     671
   602     595     668
   646     574     656
   609     593     672
   550     673     577
   614     597     674
   635     559     649
   627     512     657
   576     675     661
   552     521     676
   546     641     658
   391     677     403
   608     602     678
   640     558     671
   575     679     591
   598     624     669
   603     645     680
   565     646     649
   633     354     549
   629     569     653
   474     681     515
   209     555     233
   599     567     660
   594     610     682
   644     601     683
   652     586     665
   619     604     669
   592     609     684
   533     551     685
   551     554     686
   515     687     346
   554     552     688
   636     579     689
   620     608     690
   597     654     674
   590     619     691
   654     584     651
   601     650     683
   599     673     550
   611     615     692
   573     629     693
   659     603     680
   647     573     693
   637     630     694
   593     661     672
   610     623     695
   656     590     691
   612     600     696
   587     658     668
   621     585     697
   650     606     698
   630     634     694
   642     592     699
   600     618     700
   615     652     701
   665     594     682
   606     662     698
   624     632     702
   679     660     591
   617     644     703
   678     602     668
   639     620     704
   626     611     705
   625     628     706
   623     642     707
   634     617     703
   502     663     664
   585     659     697
   608     678     690
   633     677     391
   607     681     474
   511     522     655
   609     672     684
   666     637     708
   577     673     596
   628     631     709
   618     640     710
   645     616     711
   648     614     712
   419     643     605
   583     627     713
   615     701     692
   657     533     685
   616     647     711
   641     613     714
   521     664     676
   579     635     689
   549     342     605
   682     610     695
   638     612     715
   653     626     716
   620     690     704
   667     625     717
   592     684     699
   544     350     553
   613     667     714
   644     683     703
   662     639     718
   637     694     708
   614     674     712
   622     648     719
   696     600     700
   611     692     705
   631     622     719
   552     676     688
   695     623     707
   636     720     571
   661     675     721
   440     722     522
   686     554     688
   551     686     685
   619     669     723
   669     624     724
   652     665     725
   691     619     726
   671     583     713
   702     632     727
   651     621     728
   700     618     710
   694     634     729
   643     346     687
   524     730     663
   646     656     731
   707     642     699
   674     654     732
   683     650     733
   717     625     706
   715     612     696
   626     705     716
   639     704     718
   403     677     734
   706     628     709
   624     702     724
   635     649     735
   656     691     731
   650     698     733
   654     651     732
   701     652     725
   553     343     504
   634     703     729
   680     645     736
   596     673     737
   670     679     575
   658     641     738
   672     661     739
   665     682     725
   659     680     740
   698     662     741
   619     723     726
   627     657     742
   675     743     721
   621     697     728
   629     653     744
   666     708     745
   571     720     670
   678     668     746
   709     631     719
   403     734     504
   572     722     440
   649     646     747
   524     655     730
   648     712     748
   640     671     749
   515     681     750
   662     718     741
   645     711     736
   690     678     751
   668     658     737
   684     672     752
   693     629     730
   712     674     753
   689     720     636
   647     693     730
   719     648     748
   689     635     735
   674     732     753
   661     721     739
   710     640     749
   641     714     738
   596     738     607
   687     515     750
   653     716     744
   667     717     750
   713     627     742
   708     694     754
   732     651     728
   737     746     668
   703     683     755
   673     599     756
   704     690     757
   711     647     730
   682     695     758
   233     740     572
   694     729     754
   692     701     759
   714     667     750
   658     738     737
   660     756     599
   672     739     752
   697     659     555
   683     733     755
   633     549     709
   233     555     740
   723     669     760
   678     746     751
   679     670     761
   646     731     747
   740     680     722
   669     724     760
   701     725     762
   705     692     763
   733     698     764
   695     707     765
   702     727     766
   735     649     747
   680     736     722
   522     736     655
   698     741     764
   696     700     767
   659     740     555
   699     684     768
   718     704     761
   716     705     769
   629     744     730
   725     682     770
   690     751     757
   750     681     714
   679     757     660
   691     726     771
   724     702     766
   745     708     772
   700     710     773
   731     691     771
   722     572     740
   715     696     767
   657     685     770
   721     743     774
   717     706     605
   729     703     771
   706     709     549
   759     701     762
   708     754     772
   707     699     749
   605     643     717
   684     752     768
   734     677     748
   714     607     738
   704     757     761
   758     695     765
   682     758     770
   676     664     769
   692     759     763
   742     657     770
   726     723     771
   553     728     544
   744     716     769
   671     713     765
   718     720     741
   712     753     734
   706     549     605
   688     676     763
   709     719     633
   703     755     771
   754     729     775
   750     717     687
   769     705     763
   664     663     744
   748     712     734
   735     776     689
   739     721     767
   756     737     673
   728     697     544
   753     732     504
   719     748     677
   743     777     774
   643     687     717
   736     711     655
   686     688     759
   762     725     770
   756     660     751
   710     749     768
   732     728     553
   761     720     718
   737     738     596
   741     720     776
   776     764     741
   752     739     773
   685     686     762
   767     700     773
   697     555     544
   681     607     714
   765     707     749
   749     671     765
   751     746     756
   755     733     747
   776     735     764
   775     729     771
   761     757     679
   723     760     775
   711     730     655
   733     764     747
   773     710     768
   721     774     767
   749     699     768
   737     756     746
   677     633     719
   736     522     722
   720     689     776
   713     742     758
   660     757     751
   760     724     772
   715     767     774
   734     753     504
   720     761     670
   768     752     773
   771     723     775
   773     739     767
   772     754     760
   553     504     732
   724     745     772
   735     747     764
   754     775     760
   747     731     755
   715     774     777
   763     676     769
   770     685     762
   663     730     744
   770     758     742
   688     763     759
   759     762     686
   724     766     745
   771     755     731
   758     765     713
   744     769     664
   223     119     778
   125     224     268
   119     242     778
   268     225     779
   125     268     272
   225     223     779
   223     778     779
   268     779     394
   778     242     367
   779     778     486
   394     779     487
   778     367     486
   779     486     487
