   5.2261773030491940E-002
   4.7995591943621442E-002
   4.3681462205300087E-002
   3.9562118176021913E-002
   3.5789786924975871E-002
   3.2489779870154438E-002
   2.9795325574554277E-002
   2.7764337028085569E-002
   2.6255466269392406E-002
   2.5096514170936481E-002
   2.4188829224286786E-002
   2.3466809242602436E-002
   2.2883508366825379E-002
   2.2405121569227117E-002
   2.2006151867630924E-002
   2.1661742474976830E-002
   2.1338679579559372E-002
   2.1009205058846993E-002
   2.0717208300610860E-002
   2.0634491517450657E-002
   2.0965239291806576E-002
   2.1744504130185055E-002
   2.2811093632498499E-002
   2.3984399908087387E-002
   2.5173814218992487E-002
   2.6359005452845793E-002
   2.7522187343960988E-002
   2.8584770702840111E-002
   2.9424222689968131E-002
   2.9979903468434196E-002
   3.0303400797425224E-002
   3.0489629186889373E-002
   3.0609599833628563E-002
   3.0701937883975683E-002
   3.0785978139479881E-002
   3.0871780874866060E-002
   3.0964742015081301E-002
   3.1067348352896415E-002
   3.1180102437544717E-002
   3.1302349987158744E-002
   3.1432945391968448E-002
   3.1570666602578679E-002
   3.1714502436720339E-002
   3.1863977237301125E-002
   3.2019490648527632E-002
   3.2182422356391675E-002
   3.2354773904790975E-002
   3.2538420440159747E-002
   3.2734291200594685E-002
   3.2941826668718935E-002
   3.3158937364396790E-002
   3.3382422582157026E-002
   3.3608535650348569E-002
   3.3833409838753221E-002
   3.4053350285608443E-002
   3.4265160494089078E-002
   3.4466555484867122E-002
   3.4656514402116020E-002
   3.4835349221635982E-002
   3.5004399347665568E-002
   3.5165497905235869E-002
   3.5320471574065010E-002
   3.5470837677520774E-002
   3.5617691686627054E-002
   3.5761696418112499E-002
   3.5903120400079529E-002
   3.6041950222496795E-002
   3.6178082933638667E-002
   3.6311420792458790E-002
   3.6441609045977777E-002
   3.6567835672350599E-002
   3.6690216626836678E-002
   3.6813073161845206E-002
   3.6946634649142079E-002
   3.7104546451052302E-002
   3.7298287776346598E-002
   3.7526421465661423E-002
   3.7763212765631868E-002
   3.7966073624502994E-002
   3.8103423743584268E-002
   3.8175047760213458E-002
   3.8206734923962725E-002
   3.8230509897004758E-002
   3.8269807826227659E-002
   3.8336489274616380E-002
   3.8434754290438584E-002
   3.8564841820969087E-002
   3.8723389600774365E-002
   3.8901407300534867E-002
   3.9082198430710369E-002
   3.9241473184015691E-002
   3.9351864362852471E-002
   3.9392706821675109E-002
   3.9361717476195351E-002
   3.9281111668946461E-002
   3.9192023079504708E-002
   3.9138493519634616E-002
   3.9149799525598571E-002
   3.9230888976391189E-002
   3.9364728297551659E-002
   3.9523031504537634E-002
   3.9678598787186561E-002
   3.9813849646256762E-002
   3.9923347158973374E-002
   4.0011077207649355E-002
   4.0085231169511966E-002
   4.0153637389636142E-002
   4.0221650708273923E-002
   4.0292355752193379E-002
   4.0367826882618210E-002
   4.0450230270638987E-002
   4.0542042812314522E-002
   4.0645105094628729E-002
   4.0758778287069614E-002
   4.0878202285589270E-002
   4.0994014040048009E-002
   4.1094313377498658E-002
   4.1168353396996593E-002
   4.1210286434391841E-002
   4.1221154151609735E-002
   4.1208279908543484E-002
   4.1182584965700333E-002
   4.1155180850492114E-002
   4.1134552009000507E-002
   4.1125101304677239E-002
   4.1127233463912637E-002
   4.1138633659311440E-002
   4.1156025601937499E-002
   4.1176640347393406E-002
   4.1198952182172316E-002
   4.1222701485639543E-002
   4.1248507932510614E-002
   4.1277384330717849E-002
   4.1310321853715283E-002
   4.1347993953959210E-002
   4.1390575645609246E-002
   4.1437668755454161E-002
   4.1488322091160275E-002
   4.1541127031798381E-002
   4.1594362445240923E-002
   4.1646165050024470E-002
   4.1694709116806825E-002
   4.1738384665423393E-002
   4.1775962083721259E-002
   4.1806726126259477E-002
   4.1830558251449060E-002
   4.1847948677776511E-002
   4.1859927111545903E-002
   4.1867913943040388E-002
   4.1873506620442889E-002
   4.1878231512049363E-002
   4.1883305356455479E-002
   4.1889458828560058E-002
   4.1896869384116533E-002
   4.1905225327362752E-002
   4.1913904028416590E-002
   4.1922213015954675E-002
   4.1929631326118794E-002
   4.1935997949958427E-002
   4.1941606147637797E-002
   4.1947169012096414E-002
   4.1953639092858021E-002
   4.1961913088020796E-002
   4.1972517992936928E-002
   4.1985409507665529E-002
   4.1999977400588445E-002
   4.2015257189619737E-002
   4.2030250135485947E-002
   4.2044211386584970E-002
   4.2056796549927729E-002
   4.2068033759453949E-002
   4.2078166831146478E-002
   4.2087459702888394E-002
   4.2096049742303965E-002
   4.2103897511587829E-002
   4.2110828368969247E-002
   4.2116624342533923E-002
   4.2121117761931733E-002
   4.2124255502528719E-002
   4.2126125762545624E-002
   4.2126952569416010E-002
   4.2127064721158965E-002
   4.2126844053305919E-002
   4.2126660701067326E-002
   4.2126810081942898E-002
   4.2127470687397472E-002
   4.2128697272267077E-002
   4.2130451102917604E-002
   4.2132654192517341E-002
   4.2135245912167274E-002
   4.2138221608104244E-002
   4.2141642097001275E-002
   4.2145614861896954E-002
   4.2150257091106161E-002
   4.2155654425009799E-002
   4.2161827577929981E-002
   4.2168714195413182E-002
   4.2176167933363942E-002
   4.2183972422169258E-002
   4.2191865243252191E-002
   6.9528926293275118E-310
   6.9322507213330562E-310
   6.9528926293508317E-310
   6.9322504649475212E-310
   6.9322507327649448E-310
   6.3660845106483801E-314
   1.0800354068592984E-317
   6.9322499933929390E-310
   2.9643938750474793E-323
   6.9528926293152590E-310
   1.0143167709120792E-320
   1.8785225647795041E-317
   4.9406564584124654E-324
   1.6397050654179290E-319
   0.0000000000000000     
   0.0000000000000000     
   4.4544958629046788E-319
   2.0236928853657458E-320
   9.0908078834789364E-322
   6.9322506253094217E-310
   3.9308631055208858E-315
   6.9322498858142454E-310
   0.0000000000000000     
   6.9322506236267329E-310
   1.4040633212146924E-316
   6.9322506253094217E-310
   0.0000000000000000     
   3.2646342261651763E-314
   0.0000000000000000     
   6.9322506236267329E-310
   6.9322507322111960E-310
   0.0000000000000000     
   6.9322507325467654E-310
   2.1219958087516356E-314
   0.0000000000000000     
   6.9322506236396774E-310
   6.9321358499253516E-310
   6.9528926293504365E-310
   0.0000000000000000     
   2.1219958122100951E-314
   0.0000000000000000     
   6.9169190417774516E-323
   6.9528926293457428E-310
   6.9322507293430461E-310
   6.9321358499253516E-310
   1.4821969375237396E-323
   0.0000000000000000     
   8.3991159793011913E-323
   6.9528926293456934E-310
   6.9322507213330562E-310
   6.9528926294792888E-310
   4.1106261733991712E-321
   1.3961517377359369E-309
   0.0000000000000000     
   2.1240032957897521E-314
   5.3991493777531422E-320
   3.1620201333839779E-322
   4.3691213193033114E-319
   1.3350986381965695E-307
   3.6158023160328228E-308
   1.0609978955320427E-313
   0.0000000000000000     
   0.0000000000000000     
   0.0000000000000000     
   4.3072643004439874E-319
   4.3072643004439874E-319
   1.0361307573072619E-317
   1.2731974746285700E-313
   4.3074619267023239E-319
   1.0792053765742851E-317
   1.0792053765742851E-317
   4.8220807034105663E-321
   8.3003028501329419E-321
   1.0361307573072619E-317
   1.2731974746779765E-313
   4.3090429367690159E-319
   1.0792211866749520E-317
   1.0792211866749520E-317
   2.4505656033725829E-321
   2.4505656033725829E-321
   3.9525251667299724E-323
   8.4879831658373518E-314
   1.9762625833649862E-321
   1.9762625833649862E-321
   1.9762625833649862E-321
   1.7786363250284876E-322
   1.7786363250284876E-322
   1.9762625833649862E-323
   9.3206727473318110E-314
   3.9058853697625587E-319
   3.9058853697625587E-319
   3.9058853697625587E-319
   6.6600049059400034E-321
   6.6600049059400034E-321
   1.9762625833649862E-323
   1.3564664329756421E-313
   0.0000000000000000     
   0.0000000000000000     
   0.0000000000000000     
   0.0000000000000000     
   0.0000000000000000     
   7.9050503334599447E-323
   4.2439915821281709E-313
   4.7406913807133702E-307
  -5.3576441545372290E+178
  -1.8818476584306530E+115
   1.2162754973198131E-314
   4.8805903256923863E-313
   2.1219957917557773E-313
   7.3552326123116780E-304
   4.9516467290040393E-229
  -6.9968149449252448E-309
  -1.3738898879689333E-048
  -2.4469451788527342E-296
   7.7200150951590874E-298
   5.7126158431761819E-116
   1.0278007233029838E-149
   4.1066788622888035E+154
   8.1484642420452228E-312
   1.0211904616763886E+039
   6.0250378095580801E-154
   5.9822793085753523E-270
   7.9991917387284184E+072
  -5.9283200311215759E+065
  -2.4212304716612781E+058
   5.0927898994530045E-313
   1.3339772437713657E-322
   1.4821969375237396E-322
   7.0025861117664087E-313
   8.0635840073972646E-313
   1.9762625833649862E-322
   9.1245819031763401E-313
   9.9733802197106687E-313
   1.1034378115440338E-312
   1.1883176432024073E-312
   1.2095376008502052E-312
   1.2944174327753742E-312
   1.3580773065240950E-312
   1.4005172223582224E-312
   1.4429571381874092E-312
   3.4584595208887258E-322
   3.5078660854728505E-322
   3.5572726500569751E-322
   1.5490569274046488E-312
   1.6127168014992155E-312
   6.9528926294480638E-310
   6.9528926294524116E-310
   0.0000000000000000     
   6.9528926294144674E-310
   6.9322507213350325E-310
   6.9322498858142454E-310
   6.9322506245504381E-310
   0.0000000000000000     
   6.9322506250809657E-310
   6.9528926294144674E-310
   6.9322507327443916E-310
   0.0000000000000000     
   6.9528926294476686E-310
   6.9528926294472733E-310
   6.9528926294468781E-310
   6.9322506245479677E-310
   6.9528926294480638E-310
   0.0000000000000000     
   6.9528926294476686E-310
   6.9528926294472733E-310
   6.9528926294468781E-310
   6.9528926293949024E-310
   0.0000000000000000     
                       NaN
   0.0000000000000000     
   6.9528926294144674E-310
   6.9322507213350325E-310
   6.9322498858142454E-310
                       NaN
  -6.8800840321909216E+304
   0.0000000000000000     
   6.9528926294144674E-310
   6.9322507212093422E-310
   6.9322501137688716E-310
                       NaN
  -6.8800840321909216E+304
   6.9322506238497542E-310
   6.9528926294144674E-310
   1.3181237325205396E-314
   1.4821969375237396E-323
   3.4584595208887258E-323
   6.9322507210101349E-310
   6.9322506239696145E-310
   0.0000000000000000     
   6.9528926294081433E-310
   6.9322501100185181E-310
   6.9528926294215819E-310
   6.9322501110489414E-310
   2.0595683258875225E-316
   6.9528926294207914E-310
   6.9528926294231629E-310
   0.0000000000000000     
   6.9322507210591462E-310
   6.9322507212093422E-310
   6.9322503053468771E-310
   6.9322501126568286E-310
   6.9322506238497542E-310
   2.1219957909652723E-314
   1.0327289962658242E-314
   1.4821969375237396E-323
   3.4584595208887258E-323
   6.9322507210101349E-310
   6.9322506239696145E-310
   4.9406564584124654E-324
   6.9528926294160484E-310
   6.9322501100185181E-310
   6.9528926294294870E-310
   6.9322501126425995E-310
   1.6136390512615074E-316
   6.9528926294286965E-310
   0.0000000000000000     
   0.0000000000000000     
   6.9322507211231771E-310
   6.9322507212093422E-310
   6.9322506219406845E-310
   6.9322501126568286E-310
   6.9322506218981949E-310
   2.1219957909652723E-314
   2.1219968843325466E-314
   6.9528926294215819E-310
   6.9528926294460876E-310
   6.9528926294366015E-310
   6.9322507211231771E-310
   4.9406564584124654E-324
   6.9322507328092131E-310
   6.9322507326681079E-310
   6.9322506239883396E-310
   0.0000000000000000     
   6.9322507211231771E-310
   6.9527192090977641E-310
   0.0000000000000000     
  -6.8800814262940807E+304
   6.9322506238497542E-310
   0.0000000000000000     
   5.5244100632728141E-315
   2.9643938750474793E-323
   3.4584595208887258E-323
   6.9322507210101349E-310
   6.9322506239696145E-310
   6.9528926294294870E-310
   6.9528926294302775E-310
   6.9322506218910803E-310
   6.9528926294437161E-310
   6.9322506219064952E-310
   6.9322506238497542E-310
   6.9528926294429256E-310
   1.4560404209163784E-314
   1.4821969375237396E-323
   6.9322506238497542E-310
   6.9322507210101349E-310
   1.0327289962658242E-314
   1.4821969375237396E-323
   3.4584595208887258E-323
   6.9322507210101349E-310
   6.9322506239696145E-310
   6.9322504663892542E-310
   6.9528926294366015E-310
   6.9322501100185181E-310
   6.9528926294500401E-310
   6.9322501126425995E-310
   1.6136390512615074E-316
   6.9528926294492496E-310
   0.0000000000000000     
   0.0000000000000000     
   6.9322507210389884E-310
   6.9322507212093422E-310
   6.9322504645143245E-310
   6.9322501126568286E-310
   6.9322504616980021E-310
   2.1219957909652723E-314
   2.1219968843325466E-314
   0.0000000000000000     
   6.9528926294591309E-310
   6.9528926294571546E-310
   6.9322507210389884E-310
   4.9406564584124654E-324
   6.9322507322534880E-310
   6.9322507322111960E-310
   6.9322506239883396E-310
   0.0000000000000000     
   6.9322507210389884E-310
   6.9321358499254010E-310
   0.0000000000000000     
   4.9406564584124654E-324
   6.9322507322111960E-310
   4.9406564584124654E-324
   0.0000000000000000     
   6.9321358499254010E-310
   6.9322507322111960E-310
   0.0000000000000000     
   6.9322507322534880E-310
   6.9528926294500401E-310
   6.9528926294492496E-310
   1.0327289962658242E-314
   6.9322504645143245E-310
