   2.0280201046413288E-003
   2.2869697397097905E-002
   2.6336106753496596E-002
   3.2930382164942471E-002
   2.6889023885591626E-002
   3.6785947368497135E-002
   4.4470570559660583E-002
   4.6959937503820534E-002
   4.9093513555103746E-002
   4.9752302974914522E-002
   4.9501713140694167E-002
   4.8496846233954310E-002
   4.7670024162085115E-002
   4.6993375737939477E-002
   4.6560632063435900E-002
   4.6406035392367692E-002
   4.6441764703652133E-002
   4.6412750739695974E-002
   4.6342844108835032E-002
   4.6365969661688544E-002
   4.6456876781089063E-002
   4.6546599480951384E-002
   4.6612173070927548E-002
   4.6650199344735091E-002
   4.6666954874754543E-002
   4.6674718348065469E-002
   4.6676825636027694E-002
   4.6671178670023489E-002
   4.6660548387269185E-002
   4.6650722339199036E-002
   4.6644535945640914E-002
   4.6641233462672321E-002
   4.6639336439368601E-002
   4.6638148351896294E-002
   4.6637654914065685E-002
   4.6637990632368884E-002
   4.6638945941047505E-002
   4.6640028810366330E-002
   4.6640881735377462E-002
   4.6641437050705295E-002
   4.6641766023282655E-002
   4.6641935111921703E-002
   4.6641977157469858E-002
   4.6641920035327078E-002
   4.6641809075442089E-002
   4.6641694234018746E-002
   4.6641604686218585E-002
   4.6641544164130480E-002
   4.6641505368506364E-002
   4.6641482518361990E-002
   4.6641473376884152E-002
   4.6641475901881738E-002
   4.6641486022575923E-002
   4.6641498638878787E-002
   4.6641509940999637E-002
   4.6641518378482877E-002
   4.6641523909242547E-002
   4.6641526964471824E-002
   4.6641528036190871E-002
   4.6641527685464507E-002
   4.6641526543686321E-002
   4.6641525181942908E-002
   4.6641523965532353E-002
   4.6641523031071913E-002
   4.6641522380844930E-002
   4.6641521981502912E-002
   4.6641521797928534E-002
   4.6641521785068613E-002
   4.6641521883136916E-002
   4.6641522029824842E-002
   4.6641522177008024E-002
   4.6641522298087393E-002
   4.6641522384093720E-002
   4.6641522435912991E-002
   4.6641522459019299E-002
   4.6641522461150400E-002
   4.6641522450713915E-002
   4.6641522435038635E-002
   4.6641522419160614E-002
   4.6641522405720601E-002
   4.6641522395674970E-002
   4.6641522389105280E-002
   4.6641522385661077E-002
   4.6641522384718262E-002
   4.6641522385467260E-002
   4.6641522387099330E-002
   4.6641522388958689E-002
   4.6641522390627146E-002
   4.6641522391900794E-002
   4.6641522392733545E-002
   4.6641522393171653E-002
   4.6641522393303200E-002
   4.6641522393235574E-002
   4.6641522393066209E-002
   4.6641522392867563E-002
   4.6641522392683918E-002
   4.6641522392534523E-002
   4.6641522392433299E-002
   4.6641522392373277E-002
   4.6641522392346701E-002
   4.6641522392348103E-002
   4.6641522392363050E-002
   4.6641522392387669E-002
   4.6641522392407250E-002
   4.6641522392426735E-002
   4.6641522392442111E-002
   4.6641522392452409E-002
   4.6641522392458487E-002
   4.6641522392462303E-002
   4.6641522392463122E-002
   4.6641522392463317E-002
   4.6641522392462831E-002
   4.6641522392461471E-002
   4.6641522392460166E-002
   4.6641522392459042E-002
   4.6641522392457863E-002
   4.6641522392456711E-002
   4.6641522392455864E-002
   4.6641522392454934E-002
   4.6641522392454823E-002
   4.6641522392453505E-002
   4.6641522392452756E-002
   4.6641522392452006E-002
   4.6641522392451243E-002
   4.6641522392450632E-002
   4.6641522392449744E-002
   4.6641522392449286E-002
   4.6641522392448398E-002
   4.6641522392448329E-002
   4.6641522392448079E-002
   4.6641522392447968E-002
   4.6641522392447649E-002
   4.6641522392447066E-002
   4.6641522392446344E-002
   4.6641522392445983E-002
   4.6641522392446289E-002
   4.6641522392446164E-002
   4.6641522392445969E-002
   4.6641522392445858E-002
   4.6641522392445636E-002
   4.6641522392445414E-002
   4.6641522392445400E-002
   4.6641522392445345E-002
   4.6641522392445567E-002
   4.6641522392445567E-002
   4.6641522392445581E-002
   4.6641522392445581E-002
   4.6641522392445581E-002
   4.6641522392445248E-002
   4.6641522392445248E-002
   4.6641522392445248E-002
   4.6641522392445470E-002
   4.6641522392445206E-002
   4.6641522392445206E-002
   4.6641522392445151E-002
   4.6641522392445151E-002
   4.6641522392445151E-002
   4.6641522392445317E-002
   4.6641522392445373E-002
   4.6641522392445262E-002
   4.6641522392445262E-002
   4.6641522392445262E-002
   4.6641522392445262E-002
   4.6641522392445151E-002
   4.6641522392445040E-002
   4.6641522392445040E-002
   4.6641522392445040E-002
   4.6641522392445151E-002
   4.6641522392444928E-002
   4.6641522392444928E-002
   4.6641522392444706E-002
   4.6641522392444706E-002
   4.6641522392444928E-002
   4.6641522392444928E-002
   4.6641522392444984E-002
   4.6641522392444984E-002
   4.6641522392444984E-002
   4.6641522392444984E-002
   4.6641522392444984E-002
   4.6641522392444984E-002
   4.6641522392444984E-002
   4.6641522392444984E-002
   4.6641522392444984E-002
   4.6641522392444984E-002
   4.6641522392444984E-002
   4.6641522392444984E-002
   4.6641522392444984E-002
   4.6641522392444984E-002
   4.6641522392444984E-002
   4.6641522392444984E-002
   4.6641522392444984E-002
   4.6641522392444984E-002
   4.6641522392444984E-002
   4.6641522392444984E-002
   4.6641522392444984E-002
   4.6641522392444984E-002
   4.6641522392444984E-002
   4.6641522392444984E-002
   4.6641522392444984E-002
   4.6641522392444984E-002
   6.9529185205206896E-310
   6.9217620024606596E-310
   6.9529185205440095E-310
   6.9217617460751246E-310
   6.9217620138925481E-310
   6.3660845106483801E-314
   1.0800354068592984E-317
   6.9217612745205423E-310
   2.9643938750474793E-323
   6.9529185205084368E-310
   1.0143167709120792E-320
   1.8785225647795041E-317
   4.9406564584124654E-324
   1.6397050654179290E-319
   0.0000000000000000     
   0.0000000000000000     
   4.4544958629046788E-319
   2.0236928853657458E-320
   9.0908078834789364E-322
   6.9217619064370250E-310
   3.9308631055208858E-315
   6.9217611669418487E-310
   0.0000000000000000     
   6.9217619047543363E-310
   1.4040633212146924E-316
   6.9217619064370250E-310
   0.0000000000000000     
   2.3552392594968296E-314
   0.0000000000000000     
   6.9217619047543363E-310
   6.9217620133387993E-310
   0.0000000000000000     
   6.9217620136743687E-310
   2.1219958087516356E-314
   0.0000000000000000     
   6.9217619047672808E-310
   6.9217380705496218E-310
   6.9529185205436143E-310
   0.0000000000000000     
   2.1219958122100951E-314
   0.0000000000000000     
   6.9169190417774516E-323
   6.9529185205357586E-310
   6.9217620104706494E-310
   6.9217380705496218E-310
   1.4821969375237396E-323
   0.0000000000000000     
   8.3991159793011913E-323
   6.9529185205357092E-310
   6.9217620024606596E-310
   6.9529185206724666E-310
   4.1106261733991712E-321
   1.3961517377359369E-309
   0.0000000000000000     
   2.1240032957897521E-314
   5.3991493777531422E-320
   3.1620201333839779E-322
   4.3691213193033114E-319
   1.3350986381965695E-307
   3.6158023160328228E-308
   1.0609978955320427E-313
   0.0000000000000000     
   0.0000000000000000     
   0.0000000000000000     
   4.3072643004439874E-319
   4.3072643004439874E-319
   1.0361307573072619E-317
   1.2731974746285700E-313
   4.3074619267023239E-319
   1.0792053765742851E-317
   1.0792053765742851E-317
   4.8220807034105663E-321
   8.3003028501329419E-321
   1.0361307573072619E-317
   1.2731974746779765E-313
   4.3090429367690159E-319
   1.0792211866749520E-317
   1.0792211866749520E-317
   2.4505656033725829E-321
   2.4505656033725829E-321
   3.9525251667299724E-323
   8.4879831658373518E-314
   1.9762625833649862E-321
   1.9762625833649862E-321
   1.9762625833649862E-321
   1.7786363250284876E-322
   1.7786363250284876E-322
   1.9762625833649862E-323
   9.3206727473318110E-314
   3.9058853697625587E-319
   3.9058853697625587E-319
   3.9058853697625587E-319
   6.6600049059400034E-321
   6.6600049059400034E-321
   1.9762625833649862E-323
   1.3564664329756421E-313
   0.0000000000000000     
   0.0000000000000000     
   0.0000000000000000     
   0.0000000000000000     
   0.0000000000000000     
   7.9050503334599447E-323
   4.2439915821281709E-313
   4.7406913807133702E-307
  -5.3576441545372290E+178
  -1.8818476584306530E+115
   1.2162754973198131E-314
   4.8805903256923863E-313
   2.1219957917557773E-313
   7.3552326123116780E-304
   4.9516467290040393E-229
  -6.9968149449252448E-309
  -1.3738898879689333E-048
  -2.4469451788527342E-296
   7.7200150951590874E-298
   5.7126158431761819E-116
   1.0278007233029838E-149
   4.1066788622888035E+154
   8.1484642420452228E-312
   1.0211904616763886E+039
   6.0250378095580801E-154
   5.9822793085753523E-270
   7.9991917387284184E+072
  -5.9283200311215759E+065
  -2.4212304716612781E+058
   5.0927898994530045E-313
   1.3339772437713657E-322
   1.4821969375237396E-322
   7.0025861117664087E-313
   8.0635840073972646E-313
   1.9762625833649862E-322
   9.1245819031763401E-313
   9.9733802197106687E-313
   1.1034378115440338E-312
   1.1883176432024073E-312
   1.2095376008502052E-312
   1.2944174327753742E-312
   1.3580773065240950E-312
   1.4005172223582224E-312
   1.4429571381874092E-312
   3.4584595208887258E-322
   3.5078660854728505E-322
   3.5572726500569751E-322
   1.5490569274046488E-312
   1.6127168014992155E-312
   6.9529185206412416E-310
   6.9529185206455894E-310
   0.0000000000000000     
   6.9529185206076452E-310
   6.9217620024626358E-310
   6.9217611669418487E-310
   6.9217619056780414E-310
   0.0000000000000000     
   6.9217619062085691E-310
   6.9529185206076452E-310
   6.9217620138719950E-310
   0.0000000000000000     
   6.9529185206408464E-310
   6.9529185206404511E-310
   6.9529185206400559E-310
   6.9217619056755711E-310
   6.9529185206412416E-310
   0.0000000000000000     
   6.9529185206408464E-310
   6.9529185206404511E-310
   6.9529185206400559E-310
   6.9529185205880802E-310
   0.0000000000000000     
                       NaN
   0.0000000000000000     
   6.9529185206076452E-310
   6.9217620024626358E-310
   6.9217611669418487E-310
                       NaN
  -9.5255628813112932E+302
   0.0000000000000000     
   6.9529185206076452E-310
   6.9217620023369455E-310
   6.9217613948964749E-310
                       NaN
  -9.5255628813112932E+302
   6.9217619049773575E-310
   6.9529185206076452E-310
   1.3181237325205396E-314
   1.4821969375237396E-323
   3.4584595208887258E-323
   6.9217620021377383E-310
   6.9217619050972178E-310
   0.0000000000000000     
   6.9529185206013211E-310
   6.9217613911461214E-310
   6.9529185206147597E-310
   6.9217613921765447E-310
   2.0595683258875225E-316
   6.9529185206139692E-310
   6.9529185206163407E-310
   0.0000000000000000     
   6.9217620021867496E-310
   6.9217620023369455E-310
   6.9217615864744804E-310
   6.9217613937844320E-310
   6.9217619049773575E-310
   2.1219957909652723E-314
   1.0327289962658242E-314
   1.4821969375237396E-323
   3.4584595208887258E-323
   6.9217620021377383E-310
   6.9217619050972178E-310
   4.9406564584124654E-324
   6.9529185206092262E-310
   6.9217613911461214E-310
   6.9529185206226648E-310
   6.9217613937702029E-310
   1.6136390512615074E-316
   6.9529185206218743E-310
   0.0000000000000000     
   0.0000000000000000     
   6.9217620022507805E-310
   6.9217620023369455E-310
   6.9217619030682878E-310
   6.9217613937844320E-310
   6.9217619030257982E-310
   2.1219957909652723E-314
   2.1219968843325466E-314
   6.9529185206147597E-310
   6.9529185206392654E-310
   6.9529185206297793E-310
   6.9217620022507805E-310
   4.9406564584124654E-324
   6.9217620139368164E-310
   6.9217620137957112E-310
   6.9217619051159429E-310
   0.0000000000000000     
   6.9217620022507805E-310
   6.9527192090977641E-310
   0.0000000000000000     
  -9.5255571746050977E+302
   6.9217619049773575E-310
   0.0000000000000000     
   5.5244100632728141E-315
   2.9643938750474793E-323
   3.4584595208887258E-323
   6.9217620021377383E-310
   6.9217619050972178E-310
   6.9529185206226648E-310
   6.9529185206234553E-310
   6.9217619030186836E-310
   6.9529185206368938E-310
   6.9217619030340985E-310
   6.9217619049773575E-310
   6.9529185206361033E-310
   1.4560404209163784E-314
   1.4821969375237396E-323
   6.9217619049773575E-310
   6.9217620021377383E-310
   1.0327289962658242E-314
   1.4821969375237396E-323
   3.4584595208887258E-323
   6.9217620021377383E-310
   6.9217619050972178E-310
   6.9217617475168575E-310
   6.9529185206297793E-310
   6.9217613911461214E-310
   6.9529185206432179E-310
   6.9217613937702029E-310
   1.6136390512615074E-316
   6.9529185206424274E-310
   0.0000000000000000     
   0.0000000000000000     
   6.9217620021665917E-310
   6.9217620023369455E-310
   6.9217617456419278E-310
   6.9217613937844320E-310
   6.9217617428256054E-310
   2.1219957909652723E-314
   2.1219968843325466E-314
   0.0000000000000000     
   6.9529185206523087E-310
   6.9529185206503324E-310
   6.9217620021665917E-310
   4.9406564584124654E-324
   6.9217620133810913E-310
   6.9217620133387993E-310
   6.9217619051159429E-310
   0.0000000000000000     
   6.9217620021665917E-310
   6.9217380705496712E-310
   0.0000000000000000     
   4.9406564584124654E-324
   6.9217620133387993E-310
   4.9406564584124654E-324
   0.0000000000000000     
   6.9217380705496712E-310
   6.9217620133387993E-310
   0.0000000000000000     
   6.9217620133810913E-310
   6.9529185206432179E-310
   6.9529185206424274E-310
   1.0327289962658242E-314
   6.9217617456419278E-310
